2 3 99 1001
3 4 100 0110
4 5 101 1001
5 6 102 0110
6 7 103 0110
7 8 104 0110
8 9 105 0110
9 10 106 0110
10 11 107 1001
11 12 108 1001
12 13 109 0110
13 14 110 1001
14 15 111 0110
15 16 112 1001
16 17 113 0110
17 18 114 1001
18 19 115 1001
19 20 116 1001
20 21 117 1001
21 22 118 0110
22 23 119 1001
23 24 120 1001
24 25 121 1001
25 26 122 0110
26 27 123 0110
27 28 124 1001
28 29 125 0110
29 30 126 0110
30 31 127 0110
31 32 128 0110
32 33 129 0110
33 2 130 1001
99 100 131 0110
100 101 132 0110
101 102 133 0110
102 103 134 1001
103 104 135 0110
104 105 136 0110
105 106 137 0110
106 107 138 1001
107 108 139 0110
108 109 140 0110
109 110 141 1001
110 111 142 0110
111 112 143 0110
112 113 144 0110
113 114 145 1001
114 115 146 0110
115 116 147 1001
116 117 148 1001
117 118 149 1001
118 119 150 0110
119 120 151 1001
120 121 152 0110
121 122 153 0110
122 123 154 0110
123 124 155 1001
124 125 156 1001
125 126 157 0110
126 127 158 0110
127 128 159 0110
128 129 160 0110
129 130 161 1001
130 99 162 0110
131 35 163 0110
132 36 164 0110
133 37 165 0110
134 38 166 1001
135 39 167 0110
136 40 168 0110
137 41 169 1001
138 42 170 0110
139 43 171 0110
140 44 172 0110
141 45 173 0110
142 46 174 1001
143 47 175 1001
144 48 176 1001
145 49 177 0110
146 50 178 0110
147 51 179 1001
148 52 180 0110
149 53 181 1001
150 54 182 1001
151 55 183 1001
152 56 184 0110
153 57 185 0110
154 58 186 0110
155 59 187 0110
156 60 188 0110
157 61 189 0110
158 62 190 0110
159 63 191 1001
160 64 192 0110
161 65 193 1001
162 66 194 0110
34 34 195 1110
195 67 196 0100
34 163 197 0010
196 197 198 1011
34 34 199 1110
199 68 200 0001
34 164 201 0010
200 201 202 0111
34 34 203 1110
203 69 204 0001
34 165 205 1110
204 205 206 0100
34 34 207 1110
207 70 208 1110
34 166 209 0001
208 209 210 1110
34 34 211 1110
211 71 212 1110
34 167 213 1101
212 213 214 1110
34 34 215 1110
215 72 216 0001
34 168 217 0010
216 217 218 0001
34 34 219 0001
219 73 220 1011
34 169 221 0010
220 221 222 1110
34 34 223 0001
223 74 224 1011
34 170 225 1101
224 225 226 1110
34 34 227 1110
227 75 228 1101
34 171 229 0010
228 229 230 0010
34 34 231 0001
231 76 232 1011
34 172 233 1101
232 233 234 1110
34 34 235 0001
235 77 236 0111
34 173 237 1101
236 237 238 1110
34 34 239 1110
239 78 240 0111
34 174 241 1101
240 241 242 0001
34 34 243 1110
243 79 244 0100
34 175 245 1101
244 245 246 0001
34 34 247 0001
247 80 248 0111
34 176 249 0010
248 249 250 1110
34 34 251 1110
251 81 252 0111
34 177 253 0010
252 253 254 1110
34 34 255 1110
255 82 256 1011
34 178 257 1101
256 257 258 1110
34 34 259 1110
259 83 260 0010
34 179 261 1101
260 261 262 1011
34 34 263 1110
263 84 264 1101
34 180 265 1101
264 265 266 1110
34 34 267 1110
267 85 268 0001
34 181 269 0010
268 269 270 0111
34 34 271 1110
271 86 272 1101
34 182 273 1101
272 273 274 0001
34 34 275 0001
275 87 276 0111
34 183 277 0010
276 277 278 0010
34 34 279 1110
279 88 280 0010
34 184 281 1101
280 281 282 1011
34 34 283 1110
283 89 284 0010
34 185 285 0010
284 285 286 1000
34 34 287 1110
287 90 288 0010
34 186 289 0010
288 289 290 1000
34 34 291 0001
291 91 292 1000
34 187 293 0010
292 293 294 1000
34 34 295 1110
295 92 296 0010
34 188 297 0001
296 297 298 0111
34 34 299 0001
299 93 300 0100
34 189 301 1101
300 301 302 1011
34 34 303 0001
303 94 304 0100
34 190 305 1101
304 305 306 0100
34 34 307 0001
307 95 308 0111
34 191 309 1101
308 309 310 0001
34 34 311 0001
311 96 312 1000
34 192 313 0010
312 313 314 1000
34 34 315 1110
315 97 316 1101
34 193 317 1110
316 317 318 0001
34 34 319 1110
319 98 320 1110
34 194 321 1101
320 321 322 0001
198 198 323 1000
202 202 324 0001
206 206 325 1000
210 210 326 0001
214 214 327 1000
218 218 328 1000
222 222 329 1000
226 226 330 0001
230 230 331 1000
234 234 332 1000
238 238 333 1000
242 242 334 1000
246 246 335 1000
250 250 336 1000
254 254 337 1000
258 258 338 1000
262 262 339 0001
266 266 340 0001
270 270 341 0001
274 274 342 1000
278 278 343 1000
282 282 344 0001
286 286 345 1000
290 290 346 1000
294 294 347 1000
298 298 348 0001
302 302 349 0001
306 306 350 1000
310 310 351 1000
314 314 352 1000
318 318 353 1000
322 322 354 1000
