256 355
2 35 64
1 32

2 1 2 3 99 XOR
2 1 3 4 100 XOR
2 1 4 5 101 XOR
2 1 5 6 102 XOR
2 1 6 7 103 XOR
2 1 7 8 104 XOR
2 1 8 9 105 XOR
2 1 9 10 106 XOR
2 1 10 11 107 XOR
2 1 11 12 108 XOR
2 1 12 13 109 XOR
2 1 13 14 110 XOR
2 1 14 15 111 XOR
2 1 15 16 112 XOR
2 1 16 17 113 XOR
2 1 17 18 114 XOR
2 1 18 19 115 XOR
2 1 19 20 116 XOR
2 1 20 21 117 XOR
2 1 21 22 118 XOR
2 1 22 23 119 XOR
2 1 23 24 120 XOR
2 1 24 25 121 XOR
2 1 25 26 122 XOR
2 1 26 27 123 XOR
2 1 27 28 124 XOR
2 1 28 29 125 XOR
2 1 29 30 126 XOR
2 1 30 31 127 XOR
2 1 31 32 128 XOR
2 1 32 33 129 XOR
2 1 33 2 130 XOR
2 1 99 100 131 XOR
2 1 100 101 132 XOR
2 1 101 102 133 XOR
2 1 102 103 134 XOR
2 1 103 104 135 XOR
2 1 104 105 136 XOR
2 1 105 106 137 XOR
2 1 106 107 138 XOR
2 1 107 108 139 XOR
2 1 108 109 140 XOR
2 1 109 110 141 XOR
2 1 110 111 142 XOR
2 1 111 112 143 XOR
2 1 112 113 144 XOR
2 1 113 114 145 XOR
2 1 114 115 146 XOR
2 1 115 116 147 XOR
2 1 116 117 148 XOR
2 1 117 118 149 XOR
2 1 118 119 150 XOR
2 1 119 120 151 XOR
2 1 120 121 152 XOR
2 1 121 122 153 XOR
2 1 122 123 154 XOR
2 1 123 124 155 XOR
2 1 124 125 156 XOR
2 1 125 126 157 XOR
2 1 126 127 158 XOR
2 1 127 128 159 XOR
2 1 128 129 160 XOR
2 1 129 130 161 XOR
2 1 130 99 162 XOR
2 1 131 35 163 XOR
2 1 132 36 164 XOR
2 1 133 37 165 XOR
2 1 134 38 166 XOR
2 1 135 39 167 XOR
2 1 136 40 168 XOR
2 1 137 41 169 XOR
2 1 138 42 170 XOR
2 1 139 43 171 XOR
2 1 140 44 172 XOR
2 1 141 45 173 XOR
2 1 142 46 174 XOR
2 1 143 47 175 XOR
2 1 144 48 176 XOR
2 1 145 49 177 XOR
2 1 146 50 178 XOR
2 1 147 51 179 XOR
2 1 148 52 180 XOR
2 1 149 53 181 XOR
2 1 150 54 182 XOR
2 1 151 55 183 XOR
2 1 152 56 184 XOR
2 1 153 57 185 XOR
2 1 154 58 186 XOR
2 1 155 59 187 XOR
2 1 156 60 188 XOR
2 1 157 61 189 XOR
2 1 158 62 190 XOR
2 1 159 63 191 XOR
2 1 160 64 192 XOR
2 1 161 65 193 XOR
2 1 162 66 194 XOR
2 1 34 34 195 NAND
2 1 195 67 196 AND
2 1 34 163 197 AND
2 1 196 197 198 OR
2 1 34 34 199 NAND
2 1 199 68 200 AND
2 1 34 164 201 AND
2 1 200 201 202 OR
2 1 34 34 203 NAND
2 1 203 69 204 AND
2 1 34 165 205 AND
2 1 204 205 206 OR
2 1 34 34 207 NAND
2 1 207 70 208 AND
2 1 34 166 209 AND
2 1 208 209 210 OR
2 1 34 34 211 NAND
2 1 211 71 212 AND
2 1 34 167 213 AND
2 1 212 213 214 OR
2 1 34 34 215 NAND
2 1 215 72 216 AND
2 1 34 168 217 AND
2 1 216 217 218 OR
2 1 34 34 219 NAND
2 1 219 73 220 AND
2 1 34 169 221 AND
2 1 220 221 222 OR
2 1 34 34 223 NAND
2 1 223 74 224 AND
2 1 34 170 225 AND
2 1 224 225 226 OR
2 1 34 34 227 NAND
2 1 227 75 228 AND
2 1 34 171 229 AND
2 1 228 229 230 OR
2 1 34 34 231 NAND
2 1 231 76 232 AND
2 1 34 172 233 AND
2 1 232 233 234 OR
2 1 34 34 235 NAND
2 1 235 77 236 AND
2 1 34 173 237 AND
2 1 236 237 238 OR
2 1 34 34 239 NAND
2 1 239 78 240 AND
2 1 34 174 241 AND
2 1 240 241 242 OR
2 1 34 34 243 NAND
2 1 243 79 244 AND
2 1 34 175 245 AND
2 1 244 245 246 OR
2 1 34 34 247 NAND
2 1 247 80 248 AND
2 1 34 176 249 AND
2 1 248 249 250 OR
2 1 34 34 251 NAND
2 1 251 81 252 AND
2 1 34 177 253 AND
2 1 252 253 254 OR
2 1 34 34 255 NAND
2 1 255 82 256 AND
2 1 34 178 257 AND
2 1 256 257 258 OR
2 1 34 34 259 NAND
2 1 259 83 260 AND
2 1 34 179 261 AND
2 1 260 261 262 OR
2 1 34 34 263 NAND
2 1 263 84 264 AND
2 1 34 180 265 AND
2 1 264 265 266 OR
2 1 34 34 267 NAND
2 1 267 85 268 AND
2 1 34 181 269 AND
2 1 268 269 270 OR
2 1 34 34 271 NAND
2 1 271 86 272 AND
2 1 34 182 273 AND
2 1 272 273 274 OR
2 1 34 34 275 NAND
2 1 275 87 276 AND
2 1 34 183 277 AND
2 1 276 277 278 OR
2 1 34 34 279 NAND
2 1 279 88 280 AND
2 1 34 184 281 AND
2 1 280 281 282 OR
2 1 34 34 283 NAND
2 1 283 89 284 AND
2 1 34 185 285 AND
2 1 284 285 286 OR
2 1 34 34 287 NAND
2 1 287 90 288 AND
2 1 34 186 289 AND
2 1 288 289 290 OR
2 1 34 34 291 NAND
2 1 291 91 292 AND
2 1 34 187 293 AND
2 1 292 293 294 OR
2 1 34 34 295 NAND
2 1 295 92 296 AND
2 1 34 188 297 AND
2 1 296 297 298 OR
2 1 34 34 299 NAND
2 1 299 93 300 AND
2 1 34 189 301 AND
2 1 300 301 302 OR
2 1 34 34 303 NAND
2 1 303 94 304 AND
2 1 34 190 305 AND
2 1 304 305 306 OR
2 1 34 34 307 NAND
2 1 307 95 308 AND
2 1 34 191 309 AND
2 1 308 309 310 OR
2 1 34 34 311 NAND
2 1 311 96 312 AND
2 1 34 192 313 AND
2 1 312 313 314 OR
2 1 34 34 315 NAND
2 1 315 97 316 AND
2 1 34 193 317 AND
2 1 316 317 318 OR
2 1 34 34 319 NAND
2 1 319 98 320 AND
2 1 34 194 321 AND
2 1 320 321 322 OR
2 1 198 198 323 AND
2 1 202 202 324 AND
2 1 206 206 325 AND
2 1 210 210 326 AND
2 1 214 214 327 AND
2 1 218 218 328 AND
2 1 222 222 329 AND
2 1 226 226 330 AND
2 1 230 230 331 AND
2 1 234 234 332 AND
2 1 238 238 333 AND
2 1 242 242 334 AND
2 1 246 246 335 AND
2 1 250 250 336 AND
2 1 254 254 337 AND
2 1 258 258 338 AND
2 1 262 262 339 AND
2 1 266 266 340 AND
2 1 270 270 341 AND
2 1 274 274 342 AND
2 1 278 278 343 AND
2 1 282 282 344 AND
2 1 286 286 345 AND
2 1 290 290 346 AND
2 1 294 294 347 AND
2 1 298 298 348 AND
2 1 302 302 349 AND
2 1 306 306 350 AND
2 1 310 310 351 AND
2 1 314 314 352 AND
2 1 318 318 353 AND
2 1 322 322 354 AND
