2 3 771 0110
3 4 772 1001
4 5 773 0110
5 6 774 0110
6 7 775 1001
7 8 776 0110
8 9 777 0110
9 10 778 0110
10 11 779 0110
11 12 780 0110
12 13 781 1001
13 14 782 0110
14 15 783 1001
15 16 784 1001
16 17 785 0110
17 18 786 0110
18 19 787 0110
19 20 788 1001
20 21 789 0110
21 22 790 0110
22 23 791 1001
23 24 792 1001
24 25 793 0110
25 26 794 1001
26 27 795 0110
27 28 796 0110
28 29 797 0110
29 30 798 1001
30 31 799 0110
31 32 800 1001
32 33 801 1001
33 34 802 1001
34 35 803 0110
35 36 804 1001
36 37 805 0110
37 38 806 1001
38 39 807 1001
39 40 808 1001
40 41 809 1001
41 42 810 1001
42 43 811 0110
43 44 812 0110
44 45 813 1001
45 46 814 0110
46 47 815 0110
47 48 816 0110
48 49 817 0110
49 50 818 1001
50 51 819 1001
51 52 820 1001
52 53 821 0110
53 54 822 0110
54 55 823 1001
55 56 824 0110
56 57 825 0110
57 58 826 0110
58 59 827 0110
59 60 828 0110
60 61 829 0110
61 62 830 1001
62 63 831 0110
63 64 832 0110
64 65 833 1001
65 66 834 1001
66 67 835 1001
67 68 836 1001
68 69 837 0110
69 70 838 0110
70 71 839 0110
71 72 840 0110
72 73 841 0110
73 74 842 0110
74 75 843 1001
75 76 844 1001
76 77 845 0110
77 78 846 0110
78 79 847 0110
79 80 848 1001
80 81 849 1001
81 82 850 0110
82 83 851 0110
83 84 852 1001
84 85 853 1001
85 86 854 0110
86 87 855 0110
87 88 856 0110
88 89 857 0110
89 90 858 1001
90 91 859 0110
91 92 860 1001
92 93 861 0110
93 94 862 1001
94 95 863 1001
95 96 864 1001
96 97 865 0110
97 98 866 1001
98 99 867 1001
99 100 868 0110
100 101 869 0110
101 102 870 0110
102 103 871 0110
103 104 872 1001
104 105 873 0110
105 106 874 1001
106 107 875 0110
107 108 876 1001
108 109 877 1001
109 110 878 0110
110 111 879 0110
111 112 880 1001
112 113 881 1001
113 114 882 0110
114 115 883 0110
115 116 884 0110
116 117 885 1001
117 118 886 0110
118 119 887 1001
119 120 888 1001
120 121 889 0110
121 122 890 1001
122 123 891 0110
123 124 892 1001
124 125 893 0110
125 126 894 1001
126 127 895 1001
127 128 896 0110
128 129 897 1001
129 130 898 1001
130 131 899 1001
131 132 900 0110
132 133 901 1001
133 134 902 1001
134 135 903 1001
135 136 904 1001
136 137 905 1001
137 138 906 0110
138 139 907 1001
139 140 908 0110
140 141 909 1001
141 142 910 0110
142 143 911 1001
143 144 912 0110
144 145 913 1001
145 146 914 0110
146 147 915 0110
147 148 916 1001
148 149 917 0110
149 150 918 1001
150 151 919 1001
151 152 920 1001
152 153 921 1001
153 154 922 0110
154 155 923 1001
155 156 924 0110
156 157 925 0110
157 158 926 1001
158 159 927 1001
159 160 928 0110
160 161 929 0110
161 162 930 1001
162 163 931 1001
163 164 932 0110
164 165 933 0110
165 166 934 1001
166 167 935 1001
167 168 936 0110
168 169 937 1001
169 170 938 0110
170 171 939 0110
171 172 940 0110
172 173 941 1001
173 174 942 0110
174 175 943 1001
175 176 944 0110
176 177 945 1001
177 178 946 0110
178 179 947 0110
179 180 948 1001
180 181 949 1001
181 182 950 1001
182 183 951 1001
183 184 952 0110
184 185 953 1001
185 186 954 0110
186 187 955 0110
187 188 956 0110
188 189 957 0110
189 190 958 0110
190 191 959 0110
191 192 960 1001
192 193 961 0110
193 194 962 0110
194 195 963 0110
195 196 964 1001
196 197 965 1001
197 198 966 0110
198 199 967 0110
199 200 968 0110
200 201 969 0110
201 202 970 1001
202 203 971 0110
203 204 972 1001
204 205 973 1001
205 206 974 0110
206 207 975 0110
207 208 976 0110
208 209 977 0110
209 210 978 1001
210 211 979 0110
211 212 980 0110
212 213 981 1001
213 214 982 0110
214 215 983 0110
215 216 984 1001
216 217 985 1001
217 218 986 0110
218 219 987 1001
219 220 988 0110
220 221 989 1001
221 222 990 0110
222 223 991 1001
223 224 992 0110
224 225 993 1001
225 226 994 0110
226 227 995 0110
227 228 996 1001
228 229 997 1001
229 230 998 0110
230 231 999 0110
231 232 1000 0110
232 233 1001 0110
233 234 1002 1001
234 235 1003 1001
235 236 1004 0110
236 237 1005 0110
237 238 1006 0110
238 239 1007 0110
239 240 1008 0110
240 241 1009 1001
241 242 1010 0110
242 243 1011 0110
243 244 1012 0110
244 245 1013 1001
245 246 1014 0110
246 247 1015 1001
247 248 1016 1001
248 249 1017 1001
249 250 1018 0110
250 251 1019 0110
251 252 1020 1001
252 253 1021 0110
253 254 1022 1001
254 255 1023 0110
255 256 1024 1001
256 257 1025 1001
257 2 1026 1001
771 772 1027 0110
772 773 1028 1001
773 774 1029 1001
774 775 1030 1001
775 776 1031 1001
776 777 1032 1001
777 778 1033 0110
778 779 1034 0110
779 780 1035 0110
780 781 1036 0110
781 782 1037 1001
782 783 1038 0110
783 784 1039 1001
784 785 1040 0110
785 786 1041 0110
786 787 1042 1001
787 788 1043 1001
788 789 1044 1001
789 790 1045 1001
790 791 1046 0110
791 792 1047 0110
792 793 1048 0110
793 794 1049 1001
794 795 1050 0110
795 796 1051 1001
796 797 1052 0110
797 798 1053 0110
798 799 1054 0110
799 800 1055 0110
800 801 1056 0110
801 802 1057 1001
802 803 1058 0110
803 804 1059 1001
804 805 1060 0110
805 806 1061 1001
806 807 1062 1001
807 808 1063 0110
808 809 1064 0110
809 810 1065 0110
810 811 1066 0110
811 812 1067 1001
812 813 1068 1001
813 814 1069 0110
814 815 1070 0110
815 816 1071 0110
816 817 1072 0110
817 818 1073 0110
818 819 1074 1001
819 820 1075 0110
820 821 1076 0110
821 822 1077 1001
822 823 1078 1001
823 824 1079 0110
824 825 1080 0110
825 826 1081 0110
826 827 1082 1001
827 828 1083 1001
828 829 1084 0110
829 830 1085 0110
830 831 1086 0110
831 832 1087 1001
832 833 1088 1001
833 834 1089 0110
834 835 1090 0110
835 836 1091 1001
836 837 1092 1001
837 838 1093 1001
838 839 1094 0110
839 840 1095 0110
840 841 1096 0110
841 842 1097 0110
842 843 1098 1001
843 844 1099 1001
844 845 1100 0110
845 846 1101 1001
846 847 1102 1001
847 848 1103 0110
848 849 1104 0110
849 850 1105 1001
850 851 1106 0110
851 852 1107 0110
852 853 1108 1001
853 854 1109 1001
854 855 1110 0110
855 856 1111 0110
856 857 1112 0110
857 858 1113 0110
858 859 1114 1001
859 860 1115 1001
860 861 1116 0110
861 862 1117 1001
862 863 1118 0110
863 864 1119 0110
864 865 1120 1001
865 866 1121 0110
866 867 1122 1001
867 868 1123 1001
868 869 1124 0110
869 870 1125 1001
870 871 1126 1001
871 872 1127 0110
872 873 1128 0110
873 874 1129 1001
874 875 1130 1001
875 876 1131 1001
876 877 1132 1001
877 878 1133 1001
878 879 1134 1001
879 880 1135 0110
880 881 1136 0110
881 882 1137 0110
882 883 1138 1001
883 884 1139 1001
884 885 1140 1001
885 886 1141 0110
886 887 1142 0110
887 888 1143 0110
888 889 1144 0110
889 890 1145 1001
890 891 1146 0110
891 892 1147 1001
892 893 1148 0110
893 894 1149 0110
894 895 1150 1001
895 896 1151 0110
896 897 1152 1001
897 898 1153 0110
898 899 1154 1001
899 900 1155 0110
900 901 1156 1001
901 902 1157 1001
902 903 1158 0110
903 904 1159 1001
904 905 1160 1001
905 906 1161 0110
906 907 1162 1001
907 908 1163 0110
908 909 1164 0110
909 910 1165 1001
910 911 1166 0110
911 912 1167 1001
912 913 1168 0110
913 914 1169 1001
914 915 1170 1001
915 916 1171 0110
916 917 1172 1001
917 918 1173 1001
918 919 1174 1001
919 920 1175 1001
920 921 1176 1001
921 922 1177 1001
922 923 1178 1001
923 924 1179 1001
924 925 1180 0110
925 926 1181 0110
926 927 1182 1001
927 928 1183 0110
928 929 1184 0110
929 930 1185 1001
930 931 1186 0110
931 932 1187 1001
932 933 1188 0110
933 934 1189 0110
934 935 1190 1001
935 936 1191 0110
936 937 1192 0110
937 938 1193 0110
938 939 1194 0110
939 940 1195 0110
940 941 1196 1001
941 942 1197 1001
942 943 1198 1001
943 944 1199 0110
944 945 1200 0110
945 946 1201 0110
946 947 1202 1001
947 948 1203 0110
948 949 1204 1001
949 950 1205 0110
950 951 1206 0110
951 952 1207 1001
952 953 1208 1001
953 954 1209 0110
954 955 1210 0110
955 956 1211 0110
956 957 1212 0110
957 958 1213 1001
958 959 1214 0110
959 960 1215 0110
960 961 1216 1001
961 962 1217 1001
962 963 1218 0110
963 964 1219 1001
964 965 1220 0110
965 966 1221 1001
966 967 1222 0110
967 968 1223 1001
968 969 1224 1001
969 970 1225 0110
970 971 1226 1001
971 972 1227 0110
972 973 1228 0110
973 974 1229 1001
974 975 1230 0110
975 976 1231 1001
976 977 1232 1001
977 978 1233 0110
978 979 1234 0110
979 980 1235 0110
980 981 1236 0110
981 982 1237 1001
982 983 1238 1001
983 984 1239 0110
984 985 1240 1001
985 986 1241 0110
986 987 1242 1001
987 988 1243 1001
988 989 1244 0110
989 990 1245 0110
990 991 1246 1001
991 992 1247 0110
992 993 1248 0110
993 994 1249 1001
994 995 1250 0110
995 996 1251 0110
996 997 1252 1001
997 998 1253 1001
998 999 1254 1001
999 1000 1255 0110
1000 1001 1256 0110
1001 1002 1257 0110
1002 1003 1258 1001
1003 1004 1259 0110
1004 1005 1260 1001
1005 1006 1261 1001
1006 1007 1262 1001
1007 1008 1263 1001
1008 1009 1264 1001
1009 1010 1265 1001
1010 1011 1266 1001
1011 1012 1267 0110
1012 1013 1268 1001
1013 1014 1269 0110
1014 1015 1270 0110
1015 1016 1271 1001
1016 1017 1272 1001
1017 1018 1273 1001
1018 1019 1274 0110
1019 1020 1275 0110
1020 1021 1276 1001
1021 1022 1277 1001
1022 1023 1278 0110
1023 1024 1279 0110
1024 1025 1280 1001
1025 1026 1281 1001
1026 771 1282 0110
1027 259 1283 1001
1028 260 1284 1001
1029 261 1285 1001
1030 262 1286 0110
1031 263 1287 0110
1032 264 1288 0110
1033 265 1289 1001
1034 266 1290 0110
1035 267 1291 0110
1036 268 1292 0110
1037 269 1293 1001
1038 270 1294 1001
1039 271 1295 0110
1040 272 1296 0110
1041 273 1297 0110
1042 274 1298 0110
1043 275 1299 1001
1044 276 1300 0110
1045 277 1301 1001
1046 278 1302 0110
1047 279 1303 0110
1048 280 1304 0110
1049 281 1305 1001
1050 282 1306 1001
1051 283 1307 1001
1052 284 1308 1001
1053 285 1309 1001
1054 286 1310 1001
1055 287 1311 1001
1056 288 1312 1001
1057 289 1313 1001
1058 290 1314 1001
1059 291 1315 1001
1060 292 1316 0110
1061 293 1317 0110
1062 294 1318 1001
1063 295 1319 1001
1064 296 1320 0110
1065 297 1321 0110
1066 298 1322 1001
1067 299 1323 0110
1068 300 1324 0110
1069 301 1325 1001
1070 302 1326 1001
1071 303 1327 1001
1072 304 1328 1001
1073 305 1329 0110
1074 306 1330 0110
1075 307 1331 1001
1076 308 1332 0110
1077 309 1333 0110
1078 310 1334 1001
1079 311 1335 1001
1080 312 1336 0110
1081 313 1337 1001
1082 314 1338 0110
1083 315 1339 1001
1084 316 1340 1001
1085 317 1341 1001
1086 318 1342 0110
1087 319 1343 0110
1088 320 1344 0110
1089 321 1345 0110
1090 322 1346 1001
1091 323 1347 0110
1092 324 1348 0110
1093 325 1349 1001
1094 326 1350 1001
1095 327 1351 1001
1096 328 1352 0110
1097 329 1353 0110
1098 330 1354 0110
1099 331 1355 0110
1100 332 1356 1001
1101 333 1357 1001
1102 334 1358 0110
1103 335 1359 1001
1104 336 1360 1001
1105 337 1361 1001
1106 338 1362 1001
1107 339 1363 1001
1108 340 1364 1001
1109 341 1365 1001
1110 342 1366 1001
1111 343 1367 1001
1112 344 1368 0110
1113 345 1369 1001
1114 346 1370 0110
1115 347 1371 1001
1116 348 1372 1001
1117 349 1373 1001
1118 350 1374 0110
1119 351 1375 0110
1120 352 1376 1001
1121 353 1377 1001
1122 354 1378 0110
1123 355 1379 1001
1124 356 1380 1001
1125 357 1381 0110
1126 358 1382 1001
1127 359 1383 0110
1128 360 1384 1001
1129 361 1385 1001
1130 362 1386 0110
1131 363 1387 1001
1132 364 1388 0110
1133 365 1389 0110
1134 366 1390 0110
1135 367 1391 0110
1136 368 1392 0110
1137 369 1393 0110
1138 370 1394 0110
1139 371 1395 1001
1140 372 1396 0110
1141 373 1397 0110
1142 374 1398 1001
1143 375 1399 0110
1144 376 1400 1001
1145 377 1401 0110
1146 378 1402 1001
1147 379 1403 1001
1148 380 1404 0110
1149 381 1405 1001
1150 382 1406 0110
1151 383 1407 0110
1152 384 1408 1001
1153 385 1409 1001
1154 386 1410 1001
1155 387 1411 0110
1156 388 1412 0110
1157 389 1413 1001
1158 390 1414 1001
1159 391 1415 1001
1160 392 1416 1001
1161 393 1417 1001
1162 394 1418 0110
1163 395 1419 1001
1164 396 1420 0110
1165 397 1421 0110
1166 398 1422 0110
1167 399 1423 0110
1168 400 1424 1001
1169 401 1425 1001
1170 402 1426 1001
1171 403 1427 1001
1172 404 1428 0110
1173 405 1429 0110
1174 406 1430 0110
1175 407 1431 1001
1176 408 1432 0110
1177 409 1433 1001
1178 410 1434 1001
1179 411 1435 1001
1180 412 1436 1001
1181 413 1437 0110
1182 414 1438 1001
1183 415 1439 1001
1184 416 1440 1001
1185 417 1441 0110
1186 418 1442 1001
1187 419 1443 1001
1188 420 1444 1001
1189 421 1445 1001
1190 422 1446 1001
1191 423 1447 0110
1192 424 1448 0110
1193 425 1449 1001
1194 426 1450 0110
1195 427 1451 0110
1196 428 1452 0110
1197 429 1453 0110
1198 430 1454 0110
1199 431 1455 1001
1200 432 1456 1001
1201 433 1457 1001
1202 434 1458 0110
1203 435 1459 1001
1204 436 1460 1001
1205 437 1461 1001
1206 438 1462 1001
1207 439 1463 1001
1208 440 1464 0110
1209 441 1465 1001
1210 442 1466 0110
1211 443 1467 1001
1212 444 1468 1001
1213 445 1469 0110
1214 446 1470 1001
1215 447 1471 1001
1216 448 1472 0110
1217 449 1473 1001
1218 450 1474 1001
1219 451 1475 0110
1220 452 1476 1001
1221 453 1477 0110
1222 454 1478 1001
1223 455 1479 1001
1224 456 1480 0110
1225 457 1481 1001
1226 458 1482 1001
1227 459 1483 1001
1228 460 1484 1001
1229 461 1485 0110
1230 462 1486 0110
1231 463 1487 0110
1232 464 1488 1001
1233 465 1489 1001
1234 466 1490 0110
1235 467 1491 1001
1236 468 1492 1001
1237 469 1493 0110
1238 470 1494 1001
1239 471 1495 0110
1240 472 1496 1001
1241 473 1497 0110
1242 474 1498 1001
1243 475 1499 1001
1244 476 1500 1001
1245 477 1501 1001
1246 478 1502 1001
1247 479 1503 0110
1248 480 1504 0110
1249 481 1505 0110
1250 482 1506 1001
1251 483 1507 1001
1252 484 1508 1001
1253 485 1509 1001
1254 486 1510 1001
1255 487 1511 1001
1256 488 1512 1001
1257 489 1513 1001
1258 490 1514 0110
1259 491 1515 0110
1260 492 1516 0110
1261 493 1517 1001
1262 494 1518 1001
1263 495 1519 1001
1264 496 1520 0110
1265 497 1521 0110
1266 498 1522 0110
1267 499 1523 0110
1268 500 1524 0110
1269 501 1525 1001
1270 502 1526 0110
1271 503 1527 0110
1272 504 1528 0110
1273 505 1529 0110
1274 506 1530 0110
1275 507 1531 0110
1276 508 1532 1001
1277 509 1533 0110
1278 510 1534 0110
1279 511 1535 1001
1280 512 1536 1001
1281 513 1537 1001
1282 514 1538 1001
258 258 1539 0001
1539 515 1540 0111
258 1283 1541 1101
1540 1541 1542 0001
258 258 1543 1110
1543 516 1544 0001
258 1284 1545 0010
1544 1545 1546 0111
258 258 1547 0001
1547 517 1548 1000
258 1285 1549 0010
1548 1549 1550 0010
258 258 1551 1110
1551 518 1552 1101
258 1286 1553 1101
1552 1553 1554 0001
258 258 1555 1110
1555 519 1556 1011
258 1287 1557 1101
1556 1557 1558 0001
258 258 1559 1110
1559 520 1560 0100
258 1288 1561 0010
1560 1561 1562 1000
258 258 1563 0001
1563 521 1564 1011
258 1289 1565 1101
1564 1565 1566 0001
258 258 1567 0001
1567 522 1568 0111
258 1290 1569 1101
1568 1569 1570 0001
258 258 1571 1110
1571 523 1572 1110
258 1291 1573 0010
1572 1573 1574 1110
258 258 1575 0001
1575 524 1576 1011
258 1292 1577 0010
1576 1577 1578 1110
258 258 1579 0001
1579 525 1580 1000
258 1293 1581 1110
1580 1581 1582 0001
258 258 1583 0001
1583 526 1584 1000
258 1294 1585 1101
1584 1585 1586 1011
258 258 1587 0001
1587 527 1588 0100
258 1295 1589 0010
1588 1589 1590 1000
258 258 1591 1110
1591 528 1592 1101
258 1296 1593 0001
1592 1593 1594 0010
258 258 1595 0001
1595 529 1596 1011
258 1297 1597 1101
1596 1597 1598 0001
258 258 1599 1110
1599 530 1600 0100
258 1298 1601 0010
1600 1601 1602 1110
258 258 1603 1110
1603 531 1604 1101
258 1299 1605 1101
1604 1605 1606 1110
258 258 1607 1110
1607 532 1608 1000
258 1300 1609 0010
1608 1609 1610 0001
258 258 1611 1110
1611 533 1612 1110
258 1301 1613 1101
1612 1613 1614 1110
258 258 1615 1110
1615 534 1616 1011
258 1302 1617 0010
1616 1617 1618 1101
258 258 1619 1110
1619 535 1620 1000
258 1303 1621 1101
1620 1621 1622 0100
258 258 1623 0001
1623 536 1624 1011
258 1304 1625 1101
1624 1625 1626 0001
258 258 1627 1110
1627 537 1628 1110
258 1305 1629 1101
1628 1629 1630 0001
258 258 1631 1110
1631 538 1632 0010
258 1306 1633 1110
1632 1633 1634 0001
258 258 1635 1110
1635 539 1636 0100
258 1307 1637 0001
1636 1637 1638 1011
258 258 1639 0001
1639 540 1640 0100
258 1308 1641 0010
1640 1641 1642 0111
258 258 1643 1110
1643 541 1644 1000
258 1309 1645 1101
1644 1645 1646 0001
258 258 1647 1110
1647 542 1648 1000
258 1310 1649 0010
1648 1649 1650 1000
258 258 1651 1110
1651 543 1652 1011
258 1311 1653 1101
1652 1653 1654 0001
258 258 1655 1110
1655 544 1656 1011
258 1312 1657 1101
1656 1657 1658 1110
258 258 1659 0001
1659 545 1660 1011
258 1313 1661 0001
1660 1661 1662 1101
258 258 1663 1110
1663 546 1664 0010
258 1314 1665 0010
1664 1665 1666 0001
258 258 1667 0001
1667 547 1668 1011
258 1315 1669 0010
1668 1669 1670 1101
258 258 1671 0001
1671 548 1672 0111
258 1316 1673 1101
1672 1673 1674 0001
258 258 1675 1110
1675 549 1676 0100
258 1317 1677 1101
1676 1677 1678 1110
258 258 1679 0001
1679 550 1680 1000
258 1318 1681 0010
1680 1681 1682 1110
258 258 1683 1110
1683 551 1684 1110
258 1319 1685 0010
1684 1685 1686 1110
258 258 1687 1110
1687 552 1688 1000
258 1320 1689 1101
1688 1689 1690 1110
258 258 1691 1110
1691 553 1692 1000
258 1321 1693 0010
1692 1693 1694 0111
258 258 1695 0001
1695 554 1696 1000
258 1322 1697 1110
1696 1697 1698 0100
258 258 1699 0001
1699 555 1700 1011
258 1323 1701 0010
1700 1701 1702 1110
258 258 1703 1110
1703 556 1704 0010
258 1324 1705 1110
1704 1705 1706 0100
258 258 1707 0001
1707 557 1708 1011
258 1325 1709 0010
1708 1709 1710 0010
258 258 1711 0001
1711 558 1712 0100
258 1326 1713 1101
1712 1713 1714 1011
258 258 1715 0001
1715 559 1716 0100
258 1327 1717 1101
1716 1717 1718 1110
258 258 1719 0001
1719 560 1720 1011
258 1328 1721 1101
1720 1721 1722 0001
258 258 1723 1110
1723 561 1724 0111
258 1329 1725 1101
1724 1725 1726 0001
258 258 1727 0001
1727 562 1728 1011
258 1330 1729 1101
1728 1729 1730 1110
258 258 1731 1110
1731 563 1732 1101
258 1331 1733 0001
1732 1733 1734 0001
258 258 1735 0001
1735 564 1736 1000
258 1332 1737 1101
1736 1737 1738 0100
258 258 1739 1110
1739 565 1740 0001
258 1333 1741 0010
1740 1741 1742 0010
258 258 1743 0001
1743 566 1744 1000
258 1334 1745 1101
1744 1745 1746 0001
258 258 1747 1110
1747 567 1748 1110
258 1335 1749 0010
1748 1749 1750 0001
258 258 1751 0001
1751 568 1752 1000
258 1336 1753 0010
1752 1753 1754 0111
258 258 1755 0001
1755 569 1756 1000
258 1337 1757 1101
1756 1757 1758 0001
258 258 1759 1110
1759 570 1760 0010
258 1338 1761 1110
1760 1761 1762 0001
258 258 1763 0001
1763 571 1764 0111
258 1339 1765 0001
1764 1765 1766 0001
258 258 1767 1110
1767 572 1768 1101
258 1340 1769 1101
1768 1769 1770 0001
258 258 1771 1110
1771 573 1772 1110
258 1341 1773 0010
1772 1773 1774 1110
258 258 1775 1110
1775 574 1776 1011
258 1342 1777 0010
1776 1777 1778 0010
258 258 1779 1110
1779 575 1780 0100
258 1343 1781 0010
1780 1781 1782 1101
258 258 1783 0001
1783 576 1784 0111
258 1344 1785 1101
1784 1785 1786 1110
258 258 1787 0001
1787 577 1788 0100
258 1345 1789 1101
1788 1789 1790 0001
258 258 1791 0001
1791 578 1792 1000
258 1346 1793 1101
1792 1793 1794 0001
258 258 1795 0001
1795 579 1796 1000
258 1347 1797 1101
1796 1797 1798 1110
258 258 1799 1110
1799 580 1800 0010
258 1348 1801 0001
1800 1801 1802 0111
258 258 1803 1110
1803 581 1804 1000
258 1349 1805 1101
1804 1805 1806 1110
258 258 1807 1110
1807 582 1808 0010
258 1350 1809 0010
1808 1809 1810 0111
258 258 1811 0001
1811 583 1812 1000
258 1351 1813 1101
1812 1813 1814 0100
258 258 1815 0001
1815 584 1816 1000
258 1352 1817 0010
1816 1817 1818 1011
258 258 1819 0001
1819 585 1820 0111
258 1353 1821 0010
1820 1821 1822 0010
258 258 1823 0001
1823 586 1824 1000
258 1354 1825 1101
1824 1825 1826 0100
258 258 1827 0001
1827 587 1828 0100
258 1355 1829 1101
1828 1829 1830 1110
258 258 1831 1110
1831 588 1832 1011
258 1356 1833 0010
1832 1833 1834 0001
258 258 1835 0001
1835 589 1836 0111
258 1357 1837 1101
1836 1837 1838 0001
258 258 1839 1110
1839 590 1840 0010
258 1358 1841 0010
1840 1841 1842 0100
258 258 1843 0001
1843 591 1844 1000
258 1359 1845 0010
1844 1845 1846 1011
258 258 1847 0001
1847 592 1848 0111
258 1360 1849 0001
1848 1849 1850 0001
258 258 1851 0001
1851 593 1852 0111
258 1361 1853 0001
1852 1853 1854 1101
258 258 1855 1110
1855 594 1856 0010
258 1362 1857 1101
1856 1857 1858 0001
258 258 1859 0001
1859 595 1860 0100
258 1363 1861 0001
1860 1861 1862 0111
258 258 1863 0001
1863 596 1864 1000
258 1364 1865 1101
1864 1865 1866 0100
258 258 1867 0001
1867 597 1868 0100
258 1365 1869 0010
1868 1869 1870 1101
258 258 1871 1110
1871 598 1872 1101
258 1366 1873 0010
1872 1873 1874 0001
258 258 1875 1110
1875 599 1876 0111
258 1367 1877 0010
1876 1877 1878 0010
258 258 1879 0001
1879 600 1880 0100
258 1368 1881 0010
1880 1881 1882 1011
258 258 1883 1110
1883 601 1884 0010
258 1369 1885 0010
1884 1885 1886 1110
258 258 1887 0001
1887 602 1888 1000
258 1370 1889 0001
1888 1889 1890 0111
258 258 1891 1110
1891 603 1892 1011
258 1371 1893 0010
1892 1893 1894 1110
258 258 1895 1110
1895 604 1896 1011
258 1372 1897 0010
1896 1897 1898 0001
258 258 1899 0001
1899 605 1900 1011
258 1373 1901 1101
1900 1901 1902 1110
258 258 1903 1110
1903 606 1904 0001
258 1374 1905 0010
1904 1905 1906 1110
258 258 1907 0001
1907 607 1908 0100
258 1375 1909 0010
1908 1909 1910 1101
258 258 1911 0001
1911 608 1912 0100
258 1376 1913 0010
1912 1913 1914 1110
258 258 1915 1110
1915 609 1916 0010
258 1377 1917 1101
1916 1917 1918 0001
258 258 1919 0001
1919 610 1920 0100
258 1378 1921 0010
1920 1921 1922 0100
258 258 1923 0001
1923 611 1924 0100
258 1379 1925 1101
1924 1925 1926 0100
258 258 1927 1110
1927 612 1928 0111
258 1380 1929 1101
1928 1929 1930 0001
258 258 1931 1110
1931 613 1932 1101
258 1381 1933 0001
1932 1933 1934 0001
258 258 1935 1110
1935 614 1936 1000
258 1382 1937 0010
1936 1937 1938 0010
258 258 1939 0001
1939 615 1940 0111
258 1383 1941 0010
1940 1941 1942 0010
258 258 1943 1110
1943 616 1944 0001
258 1384 1945 0010
1944 1945 1946 1110
258 258 1947 1110
1947 617 1948 0100
258 1385 1949 0010
1948 1949 1950 1011
258 258 1951 1110
1951 618 1952 1110
258 1386 1953 0010
1952 1953 1954 0001
258 258 1955 1110
1955 619 1956 0111
258 1387 1957 1110
1956 1957 1958 1110
258 258 1959 0001
1959 620 1960 1011
258 1388 1961 1101
1960 1961 1962 1110
258 258 1963 1110
1963 621 1964 0111
258 1389 1965 0010
1964 1965 1966 0010
258 258 1967 1110
1967 622 1968 1000
258 1390 1969 1101
1968 1969 1970 1110
258 258 1971 0001
1971 623 1972 0100
258 1391 1973 0010
1972 1973 1974 1110
258 258 1975 1110
1975 624 1976 1101
258 1392 1977 0010
1976 1977 1978 0010
258 258 1979 0001
1979 625 1980 0111
258 1393 1981 1101
1980 1981 1982 0001
258 258 1983 0001
1983 626 1984 1011
258 1394 1985 1110
1984 1985 1986 0001
258 258 1987 0001
1987 627 1988 0100
258 1395 1989 0010
1988 1989 1990 0111
258 258 1991 0001
1991 628 1992 0100
258 1396 1993 1101
1992 1993 1994 1110
258 258 1995 0001
1995 629 1996 0111
258 1397 1997 1101
1996 1997 1998 1110
258 258 1999 0001
1999 630 2000 0111
258 1398 2001 0010
2000 2001 2002 1110
258 258 2003 0001
2003 631 2004 1000
258 1399 2005 0010
2004 2005 2006 0111
258 258 2007 1110
2007 632 2008 0010
258 1400 2009 0001
2008 2009 2010 0111
258 258 2011 0001
2011 633 2012 0100
258 1401 2013 0001
2012 2013 2014 0100
258 258 2015 1110
2015 634 2016 0111
258 1402 2017 0010
2016 2017 2018 1110
258 258 2019 1110
2019 635 2020 0111
258 1403 2021 1101
2020 2021 2022 0001
258 258 2023 1110
2023 636 2024 1000
258 1404 2025 1101
2024 2025 2026 0001
258 258 2027 0001
2027 637 2028 1011
258 1405 2029 0010
2028 2029 2030 0001
258 258 2031 1110
2031 638 2032 1110
258 1406 2033 1110
2032 2033 2034 1110
258 258 2035 0001
2035 639 2036 1011
258 1407 2037 0010
2036 2037 2038 1101
258 258 2039 0001
2039 640 2040 0100
258 1408 2041 0010
2040 2041 2042 1110
258 258 2043 0001
2043 641 2044 0111
258 1409 2045 1101
2044 2045 2046 0001
258 258 2047 0001
2047 642 2048 0100
258 1410 2049 1101
2048 2049 2050 1011
258 258 2051 1110
2051 643 2052 0111
258 1411 2053 1101
2052 2053 2054 1110
258 258 2055 1110
2055 644 2056 1011
258 1412 2057 0010
2056 2057 2058 0001
258 258 2059 1110
2059 645 2060 1110
258 1413 2061 1110
2060 2061 2062 0001
258 258 2063 1110
2063 646 2064 1101
258 1414 2065 0010
2064 2065 2066 0001
258 258 2067 1110
2067 647 2068 0001
258 1415 2069 0010
2068 2069 2070 1101
258 258 2071 0001
2071 648 2072 1000
258 1416 2073 1110
2072 2073 2074 1011
258 258 2075 1110
2075 649 2076 0100
258 1417 2077 0001
2076 2077 2078 1000
258 258 2079 1110
2079 650 2080 1110
258 1418 2081 0010
2080 2081 2082 0010
258 258 2083 0001
2083 651 2084 0100
258 1419 2085 0010
2084 2085 2086 1110
258 258 2087 1110
2087 652 2088 1110
258 1420 2089 1110
2088 2089 2090 1110
258 258 2091 0001
2091 653 2092 0100
258 1421 2093 1110
2092 2093 2094 1011
258 258 2095 0001
2095 654 2096 0100
258 1422 2097 1101
2096 2097 2098 1011
258 258 2099 0001
2099 655 2100 0111
258 1423 2101 0001
2100 2101 2102 0001
258 258 2103 1110
2103 656 2104 1110
258 1424 2105 1101
2104 2105 2106 0001
258 258 2107 0001
2107 657 2108 0111
258 1425 2109 0010
2108 2109 2110 1110
258 258 2111 1110
2111 658 2112 1011
258 1426 2113 1101
2112 2113 2114 1110
258 258 2115 0001
2115 659 2116 1011
258 1427 2117 1110
2116 2117 2118 0001
258 258 2119 0001
2119 660 2120 0100
258 1428 2121 1101
2120 2121 2122 1011
258 258 2123 1110
2123 661 2124 1101
258 1429 2125 1101
2124 2125 2126 1110
258 258 2127 0001
2127 662 2128 0100
258 1430 2129 1101
2128 2129 2130 0001
258 258 2131 0001
2131 663 2132 1011
258 1431 2133 1101
2132 2133 2134 1110
258 258 2135 1110
2135 664 2136 0001
258 1432 2137 0010
2136 2137 2138 1000
258 258 2139 0001
2139 665 2140 0100
258 1433 2141 0010
2140 2141 2142 0100
258 258 2143 1110
2143 666 2144 0100
258 1434 2145 1101
2144 2145 2146 1011
258 258 2147 0001
2147 667 2148 1011
258 1435 2149 0010
2148 2149 2150 1101
258 258 2151 1110
2151 668 2152 0001
258 1436 2153 0010
2152 2153 2154 1011
258 258 2155 1110
2155 669 2156 1011
258 1437 2157 0010
2156 2157 2158 0001
258 258 2159 0001
2159 670 2160 0100
258 1438 2161 0010
2160 2161 2162 0111
258 258 2163 0001
2163 671 2164 1000
258 1439 2165 0010
2164 2165 2166 1000
258 258 2167 1110
2167 672 2168 0001
258 1440 2169 0010
2168 2169 2170 1101
258 258 2171 0001
2171 673 2172 0100
258 1441 2173 1101
2172 2173 2174 1110
258 258 2175 0001
2175 674 2176 1011
258 1442 2177 0010
2176 2177 2178 0010
258 258 2179 1110
2179 675 2180 0111
258 1443 2181 1101
2180 2181 2182 1110
258 258 2183 1110
2183 676 2184 0100
258 1444 2185 1110
2184 2185 2186 1110
258 258 2187 0001
2187 677 2188 1000
258 1445 2189 0010
2188 2189 2190 1000
258 258 2191 0001
2191 678 2192 1011
258 1446 2193 1101
2192 2193 2194 0001
258 258 2195 1110
2195 679 2196 1110
258 1447 2197 1110
2196 2197 2198 1110
258 258 2199 1110
2199 680 2200 1110
258 1448 2201 1110
2200 2201 2202 0001
258 258 2203 1110
2203 681 2204 0100
258 1449 2205 0010
2204 2205 2206 0111
258 258 2207 0001
2207 682 2208 0111
258 1450 2209 0010
2208 2209 2210 1110
258 258 2211 0001
2211 683 2212 1011
258 1451 2213 1101
2212 2213 2214 1110
258 258 2215 0001
2215 684 2216 1000
258 1452 2217 0010
2216 2217 2218 0100
258 258 2219 1110
2219 685 2220 1011
258 1453 2221 1110
2220 2221 2222 1110
258 258 2223 0001
2223 686 2224 0111
258 1454 2225 1101
2224 2225 2226 0001
258 258 2227 1110
2227 687 2228 0010
258 1455 2229 1101
2228 2229 2230 1110
258 258 2231 1110
2231 688 2232 0010
258 1456 2233 0001
2232 2233 2234 0001
258 258 2235 1110
2235 689 2236 0111
258 1457 2237 1101
2236 2237 2238 0001
258 258 2239 0001
2239 690 2240 0111
258 1458 2241 0001
2240 2241 2242 1101
258 258 2243 0001
2243 691 2244 0100
258 1459 2245 1101
2244 2245 2246 1110
258 258 2247 0001
2247 692 2248 1011
258 1460 2249 1110
2248 2249 2250 0001
258 258 2251 0001
2251 693 2252 1000
258 1461 2253 0001
2252 2253 2254 0100
258 258 2255 0001
2255 694 2256 0111
258 1462 2257 0010
2256 2257 2258 1101
258 258 2259 0001
2259 695 2260 0111
258 1463 2261 1101
2260 2261 2262 0001
258 258 2263 1110
2263 696 2264 0010
258 1464 2265 0010
2264 2265 2266 1101
258 258 2267 0001
2267 697 2268 0100
258 1465 2269 0010
2268 2269 2270 0100
258 258 2271 0001
2271 698 2272 0100
258 1466 2273 1101
2272 2273 2274 0100
258 258 2275 0001
2275 699 2276 0100
258 1467 2277 1101
2276 2277 2278 1110
258 258 2279 1110
2279 700 2280 0001
258 1468 2281 0001
2280 2281 2282 0001
258 258 2283 1110
2283 701 2284 0111
258 1469 2285 0010
2284 2285 2286 1110
258 258 2287 0001
2287 702 2288 1000
258 1470 2289 1101
2288 2289 2290 0001
258 258 2291 1110
2291 703 2292 0111
258 1471 2293 1110
2292 2293 2294 1110
258 258 2295 1110
2295 704 2296 0111
258 1472 2297 0010
2296 2297 2298 1110
258 258 2299 0001
2299 705 2300 1011
258 1473 2301 0010
2300 2301 2302 1101
258 258 2303 0001
2303 706 2304 1011
258 1474 2305 0010
2304 2305 2306 0001
258 258 2307 0001
2307 707 2308 0100
258 1475 2309 1101
2308 2309 2310 0001
258 258 2311 0001
2311 708 2312 1011
258 1476 2313 0010
2312 2313 2314 1110
258 258 2315 0001
2315 709 2316 1011
258 1477 2317 1101
2316 2317 2318 1110
258 258 2319 0001
2319 710 2320 0100
258 1478 2321 1101
2320 2321 2322 0100
258 258 2323 1110
2323 711 2324 1011
258 1479 2325 0001
2324 2325 2326 0001
258 258 2327 1110
2327 712 2328 1101
258 1480 2329 0001
2328 2329 2330 0010
258 258 2331 1110
2331 713 2332 0001
258 1481 2333 0010
2332 2333 2334 0010
258 258 2335 0001
2335 714 2336 0100
258 1482 2337 0001
2336 2337 2338 1011
258 258 2339 1110
2339 715 2340 1110
258 1483 2341 1101
2340 2341 2342 0001
258 258 2343 0001
2343 716 2344 1011
258 1484 2345 0010
2344 2345 2346 1110
258 258 2347 0001
2347 717 2348 1000
258 1485 2349 0010
2348 2349 2350 1011
258 258 2351 1110
2351 718 2352 0100
258 1486 2353 1101
2352 2353 2354 0001
258 258 2355 1110
2355 719 2356 0100
258 1487 2357 1101
2356 2357 2358 1011
258 258 2359 1110
2359 720 2360 1110
258 1488 2361 0010
2360 2361 2362 0001
258 258 2363 0001
2363 721 2364 0100
258 1489 2365 1101
2364 2365 2366 1011
258 258 2367 1110
2367 722 2368 1110
258 1490 2369 1101
2368 2369 2370 0001
258 258 2371 0001
2371 723 2372 0111
258 1491 2373 0010
2372 2373 2374 1110
258 258 2375 0001
2375 724 2376 1000
258 1492 2377 1101
2376 2377 2378 1011
258 258 2379 0001
2379 725 2380 1000
258 1493 2381 0001
2380 2381 2382 0111
258 258 2383 0001
2383 726 2384 0100
258 1494 2385 1101
2384 2385 2386 1011
258 258 2387 0001
2387 727 2388 0100
258 1495 2389 0010
2388 2389 2390 1110
258 258 2391 1110
2391 728 2392 1110
258 1496 2393 1101
2392 2393 2394 0001
258 258 2395 1110
2395 729 2396 0001
258 1497 2397 1101
2396 2397 2398 1110
258 258 2399 1110
2399 730 2400 0010
258 1498 2401 1110
2400 2401 2402 0001
258 258 2403 1110
2403 731 2404 0001
258 1499 2405 1101
2404 2405 2406 0001
258 258 2407 1110
2407 732 2408 1011
258 1500 2409 1101
2408 2409 2410 0001
258 258 2411 1110
2411 733 2412 1101
258 1501 2413 1110
2412 2413 2414 1110
258 258 2415 0001
2415 734 2416 0100
258 1502 2417 0010
2416 2417 2418 0001
258 258 2419 1110
2419 735 2420 1101
258 1503 2421 0010
2420 2421 2422 1110
258 258 2423 1110
2423 736 2424 1011
258 1504 2425 1101
2424 2425 2426 0001
258 258 2427 1110
2427 737 2428 0100
258 1505 2429 1101
2428 2429 2430 0100
258 258 2431 1110
2431 738 2432 1000
258 1506 2433 0001
2432 2433 2434 1000
258 258 2435 1110
2435 739 2436 0010
258 1507 2437 1101
2436 2437 2438 0100
258 258 2439 1110
2439 740 2440 0010
258 1508 2441 0010
2440 2441 2442 1000
258 258 2443 1110
2443 741 2444 0001
258 1509 2445 0010
2444 2445 2446 0111
258 258 2447 0001
2447 742 2448 0111
258 1510 2449 1101
2448 2449 2450 1110
258 258 2451 0001
2451 743 2452 1000
258 1511 2453 1101
2452 2453 2454 1011
258 258 2455 1110
2455 744 2456 0010
258 1512 2457 0010
2456 2457 2458 0100
258 258 2459 1110
2459 745 2460 1101
258 1513 2461 1101
2460 2461 2462 0001
258 258 2463 0001
2463 746 2464 0100
258 1514 2465 0001
2464 2465 2466 0100
258 258 2467 1110
2467 747 2468 1110
258 1515 2469 0010
2468 2469 2470 1101
258 258 2471 0001
2471 748 2472 0111
258 1516 2473 1101
2472 2473 2474 1110
258 258 2475 1110
2475 749 2476 1011
258 1517 2477 1101
2476 2477 2478 0001
258 258 2479 1110
2479 750 2480 1110
258 1518 2481 0001
2480 2481 2482 0010
258 258 2483 0001
2483 751 2484 0111
258 1519 2485 0010
2484 2485 2486 1101
258 258 2487 1110
2487 752 2488 0111
258 1520 2489 0010
2488 2489 2490 1110
258 258 2491 0001
2491 753 2492 1011
258 1521 2493 1101
2492 2493 2494 0001
258 258 2495 0001
2495 754 2496 1011
258 1522 2497 1101
2496 2497 2498 1110
258 258 2499 0001
2499 755 2500 1011
258 1523 2501 1110
2500 2501 2502 1110
258 258 2503 1110
2503 756 2504 1110
258 1524 2505 1101
2504 2505 2506 0001
258 258 2507 1110
2507 757 2508 0001
258 1525 2509 0010
2508 2509 2510 0001
258 258 2511 1110
2511 758 2512 1011
258 1526 2513 1101
2512 2513 2514 0001
258 258 2515 1110
2515 759 2516 1101
258 1527 2517 1101
2516 2517 2518 1110
258 258 2519 0001
2519 760 2520 0100
258 1528 2521 0010
2520 2521 2522 1011
258 258 2523 0001
2523 761 2524 1011
258 1529 2525 1110
2524 2525 2526 0001
258 258 2527 1110
2527 762 2528 1011
258 1530 2529 0010
2528 2529 2530 1101
258 258 2531 0001
2531 763 2532 0111
258 1531 2533 0010
2532 2533 2534 1101
258 258 2535 1110
2535 764 2536 1101
258 1532 2537 1101
2536 2537 2538 1110
258 258 2539 1110
2539 765 2540 1000
258 1533 2541 0010
2540 2541 2542 0010
258 258 2543 1110
2543 766 2544 0100
258 1534 2545 1101
2544 2545 2546 1110
258 258 2547 0001
2547 767 2548 1011
258 1535 2549 0010
2548 2549 2550 0001
258 258 2551 0001
2551 768 2552 0111
258 1536 2553 1110
2552 2553 2554 0001
258 258 2555 1110
2555 769 2556 0100
258 1537 2557 0010
2556 2557 2558 0111
258 258 2559 0001
2559 770 2560 0111
258 1538 2561 1110
2560 2561 2562 0001
1542 1542 2563 1000
1546 1546 2564 1000
1550 1550 2565 1000
1554 1554 2566 1000
1558 1558 2567 1000
1562 1562 2568 1000
1566 1566 2569 1000
1570 1570 2570 1000
1574 1574 2571 1000
1578 1578 2572 0001
1582 1582 2573 1000
1586 1586 2574 0001
1590 1590 2575 1000
1594 1594 2576 1000
1598 1598 2577 1000
1602 1602 2578 0001
1606 1606 2579 1000
1610 1610 2580 1000
1614 1614 2581 1000
1618 1618 2582 0001
1622 1622 2583 1000
1626 1626 2584 1000
1630 1630 2585 1000
1634 1634 2586 1000
1638 1638 2587 1000
1642 1642 2588 1000
1646 1646 2589 1000
1650 1650 2590 1000
1654 1654 2591 1000
1658 1658 2592 1000
1662 1662 2593 0001
1666 1666 2594 1000
1670 1670 2595 1000
1674 1674 2596 1000
1678 1678 2597 0001
1682 1682 2598 0001
1686 1686 2599 1000
1690 1690 2600 1000
1694 1694 2601 1000
1698 1698 2602 1000
1702 1702 2603 0001
1706 1706 2604 1000
1710 1710 2605 1000
1714 1714 2606 0001
1718 1718 2607 1000
1722 1722 2608 1000
1726 1726 2609 1000
1730 1730 2610 0001
1734 1734 2611 1000
1738 1738 2612 1000
1742 1742 2613 1000
1746 1746 2614 1000
1750 1750 2615 1000
1754 1754 2616 1000
1758 1758 2617 1000
1762 1762 2618 1000
1766 1766 2619 1000
1770 1770 2620 1000
1774 1774 2621 0001
1778 1778 2622 1000
1782 1782 2623 0001
1786 1786 2624 1000
1790 1790 2625 1000
1794 1794 2626 1000
1798 1798 2627 1000
1802 1802 2628 1000
1806 1806 2629 1000
1810 1810 2630 1000
1814 1814 2631 1000
1818 1818 2632 0001
1822 1822 2633 1000
1826 1826 2634 1000
1830 1830 2635 1000
1834 1834 2636 1000
1838 1838 2637 1000
1842 1842 2638 1000
1846 1846 2639 1000
1850 1850 2640 1000
1854 1854 2641 0001
1858 1858 2642 1000
1862 1862 2643 1000
1866 1866 2644 1000
1870 1870 2645 1000
1874 1874 2646 1000
1878 1878 2647 1000
1882 1882 2648 1000
1886 1886 2649 1000
1890 1890 2650 0001
1894 1894 2651 0001
1898 1898 2652 1000
1902 1902 2653 1000
1906 1906 2654 0001
1910 1910 2655 0001
1914 1914 2656 1000
1918 1918 2657 1000
1922 1922 2658 1000
1926 1926 2659 1000
1930 1930 2660 1000
1934 1934 2661 1000
1938 1938 2662 1000
1942 1942 2663 1000
1946 1946 2664 0001
1950 1950 2665 1000
1954 1954 2666 1000
1958 1958 2667 0001
1962 1962 2668 1000
1966 1966 2669 1000
1970 1970 2670 1000
1974 1974 2671 1000
1978 1978 2672 1000
1982 1982 2673 1000
1986 1986 2674 1000
1990 1990 2675 0001
1994 1994 2676 1000
1998 1998 2677 1000
2002 2002 2678 0001
2006 2006 2679 1000
2010 2010 2680 1000
2014 2014 2681 1000
2018 2018 2682 0001
2022 2022 2683 1000
2026 2026 2684 1000
2030 2030 2685 1000
2034 2034 2686 0001
2038 2038 2687 1000
2042 2042 2688 1000
2046 2046 2689 1000
2050 2050 2690 1000
2054 2054 2691 0001
2058 2058 2692 1000
2062 2062 2693 1000
2066 2066 2694 1000
2070 2070 2695 0001
2074 2074 2696 1000
2078 2078 2697 1000
2082 2082 2698 1000
2086 2086 2699 1000
2090 2090 2700 1000
2094 2094 2701 0001
2098 2098 2702 1000
2102 2102 2703 1000
2106 2106 2704 1000
2110 2110 2705 1000
2114 2114 2706 0001
2118 2118 2707 1000
2122 2122 2708 1000
2126 2126 2709 0001
2130 2130 2710 1000
2134 2134 2711 1000
2138 2138 2712 1000
2142 2142 2713 1000
2146 2146 2714 1000
2150 2150 2715 1000
2154 2154 2716 0001
2158 2158 2717 1000
2162 2162 2718 0001
2166 2166 2719 1000
2170 2170 2720 0001
2174 2174 2721 0001
2178 2178 2722 1000
2182 2182 2723 1000
2186 2186 2724 0001
2190 2190 2725 1000
2194 2194 2726 1000
2198 2198 2727 1000
2202 2202 2728 1000
2206 2206 2729 0001
2210 2210 2730 0001
2214 2214 2731 1000
2218 2218 2732 1000
2222 2222 2733 1000
2226 2226 2734 1000
2230 2230 2735 0001
2234 2234 2736 1000
2238 2238 2737 1000
2242 2242 2738 1000
2246 2246 2739 0001
2250 2250 2740 1000
2254 2254 2741 1000
2258 2258 2742 0001
2262 2262 2743 1000
2266 2266 2744 1000
2270 2270 2745 1000
2274 2274 2746 1000
2278 2278 2747 1000
2282 2282 2748 1000
2286 2286 2749 0001
2290 2290 2750 1000
2294 2294 2751 1000
2298 2298 2752 0001
2302 2302 2753 0001
2306 2306 2754 1000
2310 2310 2755 1000
2314 2314 2756 0001
2318 2318 2757 0001
2322 2322 2758 1000
2326 2326 2759 1000
2330 2330 2760 1000
2334 2334 2761 1000
2338 2338 2762 0001
2342 2342 2763 1000
2346 2346 2764 1000
2350 2350 2765 1000
2354 2354 2766 1000
2358 2358 2767 0001
2362 2362 2768 1000
2366 2366 2769 0001
2370 2370 2770 1000
2374 2374 2771 1000
2378 2378 2772 1000
2382 2382 2773 0001
2386 2386 2774 0001
2390 2390 2775 1000
2394 2394 2776 1000
2398 2398 2777 1000
2402 2402 2778 1000
2406 2406 2779 1000
2410 2410 2780 1000
2414 2414 2781 1000
2418 2418 2782 1000
2422 2422 2783 1000
2426 2426 2784 1000
2430 2430 2785 1000
2434 2434 2786 1000
2438 2438 2787 1000
2442 2442 2788 1000
2446 2446 2789 1000
2450 2450 2790 0001
2454 2454 2791 0001
2458 2458 2792 1000
2462 2462 2793 1000
2466 2466 2794 1000
2470 2470 2795 0001
2474 2474 2796 1000
2478 2478 2797 1000
2482 2482 2798 1000
2486 2486 2799 0001
2490 2490 2800 1000
2494 2494 2801 1000
2498 2498 2802 0001
2502 2502 2803 1000
2506 2506 2804 1000
2510 2510 2805 1000
2514 2514 2806 1000
2518 2518 2807 0001
2522 2522 2808 0001
2526 2526 2809 1000
2530 2530 2810 0001
2534 2534 2811 0001
2538 2538 2812 0001
2542 2542 2813 1000
2546 2546 2814 0001
2550 2550 2815 1000
2554 2554 2816 1000
2558 2558 2817 0001
2562 2562 2818 1000
