2048 2819
2 259 512
1 256
2 1 2 3 771 XOR
2 1 3 4 772 XOR
2 1 4 5 773 XOR
2 1 5 6 774 XOR
2 1 6 7 775 XOR
2 1 7 8 776 XOR
2 1 8 9 777 XOR
2 1 9 10 778 XOR
2 1 10 11 779 XOR
2 1 11 12 780 XOR
2 1 12 13 781 XOR
2 1 13 14 782 XOR
2 1 14 15 783 XOR
2 1 15 16 784 XOR
2 1 16 17 785 XOR
2 1 17 18 786 XOR
2 1 18 19 787 XOR
2 1 19 20 788 XOR
2 1 20 21 789 XOR
2 1 21 22 790 XOR
2 1 22 23 791 XOR
2 1 23 24 792 XOR
2 1 24 25 793 XOR
2 1 25 26 794 XOR
2 1 26 27 795 XOR
2 1 27 28 796 XOR
2 1 28 29 797 XOR
2 1 29 30 798 XOR
2 1 30 31 799 XOR
2 1 31 32 800 XOR
2 1 32 33 801 XOR
2 1 33 34 802 XOR
2 1 34 35 803 XOR
2 1 35 36 804 XOR
2 1 36 37 805 XOR
2 1 37 38 806 XOR
2 1 38 39 807 XOR
2 1 39 40 808 XOR
2 1 40 41 809 XOR
2 1 41 42 810 XOR
2 1 42 43 811 XOR
2 1 43 44 812 XOR
2 1 44 45 813 XOR
2 1 45 46 814 XOR
2 1 46 47 815 XOR
2 1 47 48 816 XOR
2 1 48 49 817 XOR
2 1 49 50 818 XOR
2 1 50 51 819 XOR
2 1 51 52 820 XOR
2 1 52 53 821 XOR
2 1 53 54 822 XOR
2 1 54 55 823 XOR
2 1 55 56 824 XOR
2 1 56 57 825 XOR
2 1 57 58 826 XOR
2 1 58 59 827 XOR
2 1 59 60 828 XOR
2 1 60 61 829 XOR
2 1 61 62 830 XOR
2 1 62 63 831 XOR
2 1 63 64 832 XOR
2 1 64 65 833 XOR
2 1 65 66 834 XOR
2 1 66 67 835 XOR
2 1 67 68 836 XOR
2 1 68 69 837 XOR
2 1 69 70 838 XOR
2 1 70 71 839 XOR
2 1 71 72 840 XOR
2 1 72 73 841 XOR
2 1 73 74 842 XOR
2 1 74 75 843 XOR
2 1 75 76 844 XOR
2 1 76 77 845 XOR
2 1 77 78 846 XOR
2 1 78 79 847 XOR
2 1 79 80 848 XOR
2 1 80 81 849 XOR
2 1 81 82 850 XOR
2 1 82 83 851 XOR
2 1 83 84 852 XOR
2 1 84 85 853 XOR
2 1 85 86 854 XOR
2 1 86 87 855 XOR
2 1 87 88 856 XOR
2 1 88 89 857 XOR
2 1 89 90 858 XOR
2 1 90 91 859 XOR
2 1 91 92 860 XOR
2 1 92 93 861 XOR
2 1 93 94 862 XOR
2 1 94 95 863 XOR
2 1 95 96 864 XOR
2 1 96 97 865 XOR
2 1 97 98 866 XOR
2 1 98 99 867 XOR
2 1 99 100 868 XOR
2 1 100 101 869 XOR
2 1 101 102 870 XOR
2 1 102 103 871 XOR
2 1 103 104 872 XOR
2 1 104 105 873 XOR
2 1 105 106 874 XOR
2 1 106 107 875 XOR
2 1 107 108 876 XOR
2 1 108 109 877 XOR
2 1 109 110 878 XOR
2 1 110 111 879 XOR
2 1 111 112 880 XOR
2 1 112 113 881 XOR
2 1 113 114 882 XOR
2 1 114 115 883 XOR
2 1 115 116 884 XOR
2 1 116 117 885 XOR
2 1 117 118 886 XOR
2 1 118 119 887 XOR
2 1 119 120 888 XOR
2 1 120 121 889 XOR
2 1 121 122 890 XOR
2 1 122 123 891 XOR
2 1 123 124 892 XOR
2 1 124 125 893 XOR
2 1 125 126 894 XOR
2 1 126 127 895 XOR
2 1 127 128 896 XOR
2 1 128 129 897 XOR
2 1 129 130 898 XOR
2 1 130 131 899 XOR
2 1 131 132 900 XOR
2 1 132 133 901 XOR
2 1 133 134 902 XOR
2 1 134 135 903 XOR
2 1 135 136 904 XOR
2 1 136 137 905 XOR
2 1 137 138 906 XOR
2 1 138 139 907 XOR
2 1 139 140 908 XOR
2 1 140 141 909 XOR
2 1 141 142 910 XOR
2 1 142 143 911 XOR
2 1 143 144 912 XOR
2 1 144 145 913 XOR
2 1 145 146 914 XOR
2 1 146 147 915 XOR
2 1 147 148 916 XOR
2 1 148 149 917 XOR
2 1 149 150 918 XOR
2 1 150 151 919 XOR
2 1 151 152 920 XOR
2 1 152 153 921 XOR
2 1 153 154 922 XOR
2 1 154 155 923 XOR
2 1 155 156 924 XOR
2 1 156 157 925 XOR
2 1 157 158 926 XOR
2 1 158 159 927 XOR
2 1 159 160 928 XOR
2 1 160 161 929 XOR
2 1 161 162 930 XOR
2 1 162 163 931 XOR
2 1 163 164 932 XOR
2 1 164 165 933 XOR
2 1 165 166 934 XOR
2 1 166 167 935 XOR
2 1 167 168 936 XOR
2 1 168 169 937 XOR
2 1 169 170 938 XOR
2 1 170 171 939 XOR
2 1 171 172 940 XOR
2 1 172 173 941 XOR
2 1 173 174 942 XOR
2 1 174 175 943 XOR
2 1 175 176 944 XOR
2 1 176 177 945 XOR
2 1 177 178 946 XOR
2 1 178 179 947 XOR
2 1 179 180 948 XOR
2 1 180 181 949 XOR
2 1 181 182 950 XOR
2 1 182 183 951 XOR
2 1 183 184 952 XOR
2 1 184 185 953 XOR
2 1 185 186 954 XOR
2 1 186 187 955 XOR
2 1 187 188 956 XOR
2 1 188 189 957 XOR
2 1 189 190 958 XOR
2 1 190 191 959 XOR
2 1 191 192 960 XOR
2 1 192 193 961 XOR
2 1 193 194 962 XOR
2 1 194 195 963 XOR
2 1 195 196 964 XOR
2 1 196 197 965 XOR
2 1 197 198 966 XOR
2 1 198 199 967 XOR
2 1 199 200 968 XOR
2 1 200 201 969 XOR
2 1 201 202 970 XOR
2 1 202 203 971 XOR
2 1 203 204 972 XOR
2 1 204 205 973 XOR
2 1 205 206 974 XOR
2 1 206 207 975 XOR
2 1 207 208 976 XOR
2 1 208 209 977 XOR
2 1 209 210 978 XOR
2 1 210 211 979 XOR
2 1 211 212 980 XOR
2 1 212 213 981 XOR
2 1 213 214 982 XOR
2 1 214 215 983 XOR
2 1 215 216 984 XOR
2 1 216 217 985 XOR
2 1 217 218 986 XOR
2 1 218 219 987 XOR
2 1 219 220 988 XOR
2 1 220 221 989 XOR
2 1 221 222 990 XOR
2 1 222 223 991 XOR
2 1 223 224 992 XOR
2 1 224 225 993 XOR
2 1 225 226 994 XOR
2 1 226 227 995 XOR
2 1 227 228 996 XOR
2 1 228 229 997 XOR
2 1 229 230 998 XOR
2 1 230 231 999 XOR
2 1 231 232 1000 XOR
2 1 232 233 1001 XOR
2 1 233 234 1002 XOR
2 1 234 235 1003 XOR
2 1 235 236 1004 XOR
2 1 236 237 1005 XOR
2 1 237 238 1006 XOR
2 1 238 239 1007 XOR
2 1 239 240 1008 XOR
2 1 240 241 1009 XOR
2 1 241 242 1010 XOR
2 1 242 243 1011 XOR
2 1 243 244 1012 XOR
2 1 244 245 1013 XOR
2 1 245 246 1014 XOR
2 1 246 247 1015 XOR
2 1 247 248 1016 XOR
2 1 248 249 1017 XOR
2 1 249 250 1018 XOR
2 1 250 251 1019 XOR
2 1 251 252 1020 XOR
2 1 252 253 1021 XOR
2 1 253 254 1022 XOR
2 1 254 255 1023 XOR
2 1 255 256 1024 XOR
2 1 256 257 1025 XOR
2 1 257 2 1026 XOR
2 1 771 772 1027 XOR
2 1 772 773 1028 XOR
2 1 773 774 1029 XOR
2 1 774 775 1030 XOR
2 1 775 776 1031 XOR
2 1 776 777 1032 XOR
2 1 777 778 1033 XOR
2 1 778 779 1034 XOR
2 1 779 780 1035 XOR
2 1 780 781 1036 XOR
2 1 781 782 1037 XOR
2 1 782 783 1038 XOR
2 1 783 784 1039 XOR
2 1 784 785 1040 XOR
2 1 785 786 1041 XOR
2 1 786 787 1042 XOR
2 1 787 788 1043 XOR
2 1 788 789 1044 XOR
2 1 789 790 1045 XOR
2 1 790 791 1046 XOR
2 1 791 792 1047 XOR
2 1 792 793 1048 XOR
2 1 793 794 1049 XOR
2 1 794 795 1050 XOR
2 1 795 796 1051 XOR
2 1 796 797 1052 XOR
2 1 797 798 1053 XOR
2 1 798 799 1054 XOR
2 1 799 800 1055 XOR
2 1 800 801 1056 XOR
2 1 801 802 1057 XOR
2 1 802 803 1058 XOR
2 1 803 804 1059 XOR
2 1 804 805 1060 XOR
2 1 805 806 1061 XOR
2 1 806 807 1062 XOR
2 1 807 808 1063 XOR
2 1 808 809 1064 XOR
2 1 809 810 1065 XOR
2 1 810 811 1066 XOR
2 1 811 812 1067 XOR
2 1 812 813 1068 XOR
2 1 813 814 1069 XOR
2 1 814 815 1070 XOR
2 1 815 816 1071 XOR
2 1 816 817 1072 XOR
2 1 817 818 1073 XOR
2 1 818 819 1074 XOR
2 1 819 820 1075 XOR
2 1 820 821 1076 XOR
2 1 821 822 1077 XOR
2 1 822 823 1078 XOR
2 1 823 824 1079 XOR
2 1 824 825 1080 XOR
2 1 825 826 1081 XOR
2 1 826 827 1082 XOR
2 1 827 828 1083 XOR
2 1 828 829 1084 XOR
2 1 829 830 1085 XOR
2 1 830 831 1086 XOR
2 1 831 832 1087 XOR
2 1 832 833 1088 XOR
2 1 833 834 1089 XOR
2 1 834 835 1090 XOR
2 1 835 836 1091 XOR
2 1 836 837 1092 XOR
2 1 837 838 1093 XOR
2 1 838 839 1094 XOR
2 1 839 840 1095 XOR
2 1 840 841 1096 XOR
2 1 841 842 1097 XOR
2 1 842 843 1098 XOR
2 1 843 844 1099 XOR
2 1 844 845 1100 XOR
2 1 845 846 1101 XOR
2 1 846 847 1102 XOR
2 1 847 848 1103 XOR
2 1 848 849 1104 XOR
2 1 849 850 1105 XOR
2 1 850 851 1106 XOR
2 1 851 852 1107 XOR
2 1 852 853 1108 XOR
2 1 853 854 1109 XOR
2 1 854 855 1110 XOR
2 1 855 856 1111 XOR
2 1 856 857 1112 XOR
2 1 857 858 1113 XOR
2 1 858 859 1114 XOR
2 1 859 860 1115 XOR
2 1 860 861 1116 XOR
2 1 861 862 1117 XOR
2 1 862 863 1118 XOR
2 1 863 864 1119 XOR
2 1 864 865 1120 XOR
2 1 865 866 1121 XOR
2 1 866 867 1122 XOR
2 1 867 868 1123 XOR
2 1 868 869 1124 XOR
2 1 869 870 1125 XOR
2 1 870 871 1126 XOR
2 1 871 872 1127 XOR
2 1 872 873 1128 XOR
2 1 873 874 1129 XOR
2 1 874 875 1130 XOR
2 1 875 876 1131 XOR
2 1 876 877 1132 XOR
2 1 877 878 1133 XOR
2 1 878 879 1134 XOR
2 1 879 880 1135 XOR
2 1 880 881 1136 XOR
2 1 881 882 1137 XOR
2 1 882 883 1138 XOR
2 1 883 884 1139 XOR
2 1 884 885 1140 XOR
2 1 885 886 1141 XOR
2 1 886 887 1142 XOR
2 1 887 888 1143 XOR
2 1 888 889 1144 XOR
2 1 889 890 1145 XOR
2 1 890 891 1146 XOR
2 1 891 892 1147 XOR
2 1 892 893 1148 XOR
2 1 893 894 1149 XOR
2 1 894 895 1150 XOR
2 1 895 896 1151 XOR
2 1 896 897 1152 XOR
2 1 897 898 1153 XOR
2 1 898 899 1154 XOR
2 1 899 900 1155 XOR
2 1 900 901 1156 XOR
2 1 901 902 1157 XOR
2 1 902 903 1158 XOR
2 1 903 904 1159 XOR
2 1 904 905 1160 XOR
2 1 905 906 1161 XOR
2 1 906 907 1162 XOR
2 1 907 908 1163 XOR
2 1 908 909 1164 XOR
2 1 909 910 1165 XOR
2 1 910 911 1166 XOR
2 1 911 912 1167 XOR
2 1 912 913 1168 XOR
2 1 913 914 1169 XOR
2 1 914 915 1170 XOR
2 1 915 916 1171 XOR
2 1 916 917 1172 XOR
2 1 917 918 1173 XOR
2 1 918 919 1174 XOR
2 1 919 920 1175 XOR
2 1 920 921 1176 XOR
2 1 921 922 1177 XOR
2 1 922 923 1178 XOR
2 1 923 924 1179 XOR
2 1 924 925 1180 XOR
2 1 925 926 1181 XOR
2 1 926 927 1182 XOR
2 1 927 928 1183 XOR
2 1 928 929 1184 XOR
2 1 929 930 1185 XOR
2 1 930 931 1186 XOR
2 1 931 932 1187 XOR
2 1 932 933 1188 XOR
2 1 933 934 1189 XOR
2 1 934 935 1190 XOR
2 1 935 936 1191 XOR
2 1 936 937 1192 XOR
2 1 937 938 1193 XOR
2 1 938 939 1194 XOR
2 1 939 940 1195 XOR
2 1 940 941 1196 XOR
2 1 941 942 1197 XOR
2 1 942 943 1198 XOR
2 1 943 944 1199 XOR
2 1 944 945 1200 XOR
2 1 945 946 1201 XOR
2 1 946 947 1202 XOR
2 1 947 948 1203 XOR
2 1 948 949 1204 XOR
2 1 949 950 1205 XOR
2 1 950 951 1206 XOR
2 1 951 952 1207 XOR
2 1 952 953 1208 XOR
2 1 953 954 1209 XOR
2 1 954 955 1210 XOR
2 1 955 956 1211 XOR
2 1 956 957 1212 XOR
2 1 957 958 1213 XOR
2 1 958 959 1214 XOR
2 1 959 960 1215 XOR
2 1 960 961 1216 XOR
2 1 961 962 1217 XOR
2 1 962 963 1218 XOR
2 1 963 964 1219 XOR
2 1 964 965 1220 XOR
2 1 965 966 1221 XOR
2 1 966 967 1222 XOR
2 1 967 968 1223 XOR
2 1 968 969 1224 XOR
2 1 969 970 1225 XOR
2 1 970 971 1226 XOR
2 1 971 972 1227 XOR
2 1 972 973 1228 XOR
2 1 973 974 1229 XOR
2 1 974 975 1230 XOR
2 1 975 976 1231 XOR
2 1 976 977 1232 XOR
2 1 977 978 1233 XOR
2 1 978 979 1234 XOR
2 1 979 980 1235 XOR
2 1 980 981 1236 XOR
2 1 981 982 1237 XOR
2 1 982 983 1238 XOR
2 1 983 984 1239 XOR
2 1 984 985 1240 XOR
2 1 985 986 1241 XOR
2 1 986 987 1242 XOR
2 1 987 988 1243 XOR
2 1 988 989 1244 XOR
2 1 989 990 1245 XOR
2 1 990 991 1246 XOR
2 1 991 992 1247 XOR
2 1 992 993 1248 XOR
2 1 993 994 1249 XOR
2 1 994 995 1250 XOR
2 1 995 996 1251 XOR
2 1 996 997 1252 XOR
2 1 997 998 1253 XOR
2 1 998 999 1254 XOR
2 1 999 1000 1255 XOR
2 1 1000 1001 1256 XOR
2 1 1001 1002 1257 XOR
2 1 1002 1003 1258 XOR
2 1 1003 1004 1259 XOR
2 1 1004 1005 1260 XOR
2 1 1005 1006 1261 XOR
2 1 1006 1007 1262 XOR
2 1 1007 1008 1263 XOR
2 1 1008 1009 1264 XOR
2 1 1009 1010 1265 XOR
2 1 1010 1011 1266 XOR
2 1 1011 1012 1267 XOR
2 1 1012 1013 1268 XOR
2 1 1013 1014 1269 XOR
2 1 1014 1015 1270 XOR
2 1 1015 1016 1271 XOR
2 1 1016 1017 1272 XOR
2 1 1017 1018 1273 XOR
2 1 1018 1019 1274 XOR
2 1 1019 1020 1275 XOR
2 1 1020 1021 1276 XOR
2 1 1021 1022 1277 XOR
2 1 1022 1023 1278 XOR
2 1 1023 1024 1279 XOR
2 1 1024 1025 1280 XOR
2 1 1025 1026 1281 XOR
2 1 1026 771 1282 XOR
2 1 1027 259 1283 XOR
2 1 1028 260 1284 XOR
2 1 1029 261 1285 XOR
2 1 1030 262 1286 XOR
2 1 1031 263 1287 XOR
2 1 1032 264 1288 XOR
2 1 1033 265 1289 XOR
2 1 1034 266 1290 XOR
2 1 1035 267 1291 XOR
2 1 1036 268 1292 XOR
2 1 1037 269 1293 XOR
2 1 1038 270 1294 XOR
2 1 1039 271 1295 XOR
2 1 1040 272 1296 XOR
2 1 1041 273 1297 XOR
2 1 1042 274 1298 XOR
2 1 1043 275 1299 XOR
2 1 1044 276 1300 XOR
2 1 1045 277 1301 XOR
2 1 1046 278 1302 XOR
2 1 1047 279 1303 XOR
2 1 1048 280 1304 XOR
2 1 1049 281 1305 XOR
2 1 1050 282 1306 XOR
2 1 1051 283 1307 XOR
2 1 1052 284 1308 XOR
2 1 1053 285 1309 XOR
2 1 1054 286 1310 XOR
2 1 1055 287 1311 XOR
2 1 1056 288 1312 XOR
2 1 1057 289 1313 XOR
2 1 1058 290 1314 XOR
2 1 1059 291 1315 XOR
2 1 1060 292 1316 XOR
2 1 1061 293 1317 XOR
2 1 1062 294 1318 XOR
2 1 1063 295 1319 XOR
2 1 1064 296 1320 XOR
2 1 1065 297 1321 XOR
2 1 1066 298 1322 XOR
2 1 1067 299 1323 XOR
2 1 1068 300 1324 XOR
2 1 1069 301 1325 XOR
2 1 1070 302 1326 XOR
2 1 1071 303 1327 XOR
2 1 1072 304 1328 XOR
2 1 1073 305 1329 XOR
2 1 1074 306 1330 XOR
2 1 1075 307 1331 XOR
2 1 1076 308 1332 XOR
2 1 1077 309 1333 XOR
2 1 1078 310 1334 XOR
2 1 1079 311 1335 XOR
2 1 1080 312 1336 XOR
2 1 1081 313 1337 XOR
2 1 1082 314 1338 XOR
2 1 1083 315 1339 XOR
2 1 1084 316 1340 XOR
2 1 1085 317 1341 XOR
2 1 1086 318 1342 XOR
2 1 1087 319 1343 XOR
2 1 1088 320 1344 XOR
2 1 1089 321 1345 XOR
2 1 1090 322 1346 XOR
2 1 1091 323 1347 XOR
2 1 1092 324 1348 XOR
2 1 1093 325 1349 XOR
2 1 1094 326 1350 XOR
2 1 1095 327 1351 XOR
2 1 1096 328 1352 XOR
2 1 1097 329 1353 XOR
2 1 1098 330 1354 XOR
2 1 1099 331 1355 XOR
2 1 1100 332 1356 XOR
2 1 1101 333 1357 XOR
2 1 1102 334 1358 XOR
2 1 1103 335 1359 XOR
2 1 1104 336 1360 XOR
2 1 1105 337 1361 XOR
2 1 1106 338 1362 XOR
2 1 1107 339 1363 XOR
2 1 1108 340 1364 XOR
2 1 1109 341 1365 XOR
2 1 1110 342 1366 XOR
2 1 1111 343 1367 XOR
2 1 1112 344 1368 XOR
2 1 1113 345 1369 XOR
2 1 1114 346 1370 XOR
2 1 1115 347 1371 XOR
2 1 1116 348 1372 XOR
2 1 1117 349 1373 XOR
2 1 1118 350 1374 XOR
2 1 1119 351 1375 XOR
2 1 1120 352 1376 XOR
2 1 1121 353 1377 XOR
2 1 1122 354 1378 XOR
2 1 1123 355 1379 XOR
2 1 1124 356 1380 XOR
2 1 1125 357 1381 XOR
2 1 1126 358 1382 XOR
2 1 1127 359 1383 XOR
2 1 1128 360 1384 XOR
2 1 1129 361 1385 XOR
2 1 1130 362 1386 XOR
2 1 1131 363 1387 XOR
2 1 1132 364 1388 XOR
2 1 1133 365 1389 XOR
2 1 1134 366 1390 XOR
2 1 1135 367 1391 XOR
2 1 1136 368 1392 XOR
2 1 1137 369 1393 XOR
2 1 1138 370 1394 XOR
2 1 1139 371 1395 XOR
2 1 1140 372 1396 XOR
2 1 1141 373 1397 XOR
2 1 1142 374 1398 XOR
2 1 1143 375 1399 XOR
2 1 1144 376 1400 XOR
2 1 1145 377 1401 XOR
2 1 1146 378 1402 XOR
2 1 1147 379 1403 XOR
2 1 1148 380 1404 XOR
2 1 1149 381 1405 XOR
2 1 1150 382 1406 XOR
2 1 1151 383 1407 XOR
2 1 1152 384 1408 XOR
2 1 1153 385 1409 XOR
2 1 1154 386 1410 XOR
2 1 1155 387 1411 XOR
2 1 1156 388 1412 XOR
2 1 1157 389 1413 XOR
2 1 1158 390 1414 XOR
2 1 1159 391 1415 XOR
2 1 1160 392 1416 XOR
2 1 1161 393 1417 XOR
2 1 1162 394 1418 XOR
2 1 1163 395 1419 XOR
2 1 1164 396 1420 XOR
2 1 1165 397 1421 XOR
2 1 1166 398 1422 XOR
2 1 1167 399 1423 XOR
2 1 1168 400 1424 XOR
2 1 1169 401 1425 XOR
2 1 1170 402 1426 XOR
2 1 1171 403 1427 XOR
2 1 1172 404 1428 XOR
2 1 1173 405 1429 XOR
2 1 1174 406 1430 XOR
2 1 1175 407 1431 XOR
2 1 1176 408 1432 XOR
2 1 1177 409 1433 XOR
2 1 1178 410 1434 XOR
2 1 1179 411 1435 XOR
2 1 1180 412 1436 XOR
2 1 1181 413 1437 XOR
2 1 1182 414 1438 XOR
2 1 1183 415 1439 XOR
2 1 1184 416 1440 XOR
2 1 1185 417 1441 XOR
2 1 1186 418 1442 XOR
2 1 1187 419 1443 XOR
2 1 1188 420 1444 XOR
2 1 1189 421 1445 XOR
2 1 1190 422 1446 XOR
2 1 1191 423 1447 XOR
2 1 1192 424 1448 XOR
2 1 1193 425 1449 XOR
2 1 1194 426 1450 XOR
2 1 1195 427 1451 XOR
2 1 1196 428 1452 XOR
2 1 1197 429 1453 XOR
2 1 1198 430 1454 XOR
2 1 1199 431 1455 XOR
2 1 1200 432 1456 XOR
2 1 1201 433 1457 XOR
2 1 1202 434 1458 XOR
2 1 1203 435 1459 XOR
2 1 1204 436 1460 XOR
2 1 1205 437 1461 XOR
2 1 1206 438 1462 XOR
2 1 1207 439 1463 XOR
2 1 1208 440 1464 XOR
2 1 1209 441 1465 XOR
2 1 1210 442 1466 XOR
2 1 1211 443 1467 XOR
2 1 1212 444 1468 XOR
2 1 1213 445 1469 XOR
2 1 1214 446 1470 XOR
2 1 1215 447 1471 XOR
2 1 1216 448 1472 XOR
2 1 1217 449 1473 XOR
2 1 1218 450 1474 XOR
2 1 1219 451 1475 XOR
2 1 1220 452 1476 XOR
2 1 1221 453 1477 XOR
2 1 1222 454 1478 XOR
2 1 1223 455 1479 XOR
2 1 1224 456 1480 XOR
2 1 1225 457 1481 XOR
2 1 1226 458 1482 XOR
2 1 1227 459 1483 XOR
2 1 1228 460 1484 XOR
2 1 1229 461 1485 XOR
2 1 1230 462 1486 XOR
2 1 1231 463 1487 XOR
2 1 1232 464 1488 XOR
2 1 1233 465 1489 XOR
2 1 1234 466 1490 XOR
2 1 1235 467 1491 XOR
2 1 1236 468 1492 XOR
2 1 1237 469 1493 XOR
2 1 1238 470 1494 XOR
2 1 1239 471 1495 XOR
2 1 1240 472 1496 XOR
2 1 1241 473 1497 XOR
2 1 1242 474 1498 XOR
2 1 1243 475 1499 XOR
2 1 1244 476 1500 XOR
2 1 1245 477 1501 XOR
2 1 1246 478 1502 XOR
2 1 1247 479 1503 XOR
2 1 1248 480 1504 XOR
2 1 1249 481 1505 XOR
2 1 1250 482 1506 XOR
2 1 1251 483 1507 XOR
2 1 1252 484 1508 XOR
2 1 1253 485 1509 XOR
2 1 1254 486 1510 XOR
2 1 1255 487 1511 XOR
2 1 1256 488 1512 XOR
2 1 1257 489 1513 XOR
2 1 1258 490 1514 XOR
2 1 1259 491 1515 XOR
2 1 1260 492 1516 XOR
2 1 1261 493 1517 XOR
2 1 1262 494 1518 XOR
2 1 1263 495 1519 XOR
2 1 1264 496 1520 XOR
2 1 1265 497 1521 XOR
2 1 1266 498 1522 XOR
2 1 1267 499 1523 XOR
2 1 1268 500 1524 XOR
2 1 1269 501 1525 XOR
2 1 1270 502 1526 XOR
2 1 1271 503 1527 XOR
2 1 1272 504 1528 XOR
2 1 1273 505 1529 XOR
2 1 1274 506 1530 XOR
2 1 1275 507 1531 XOR
2 1 1276 508 1532 XOR
2 1 1277 509 1533 XOR
2 1 1278 510 1534 XOR
2 1 1279 511 1535 XOR
2 1 1280 512 1536 XOR
2 1 1281 513 1537 XOR
2 1 1282 514 1538 XOR
2 1 258 258 1539 UNKNOWN
2 1 1539 515 1540 AND
2 1 258 1283 1541 AND
2 1 1540 1541 1542 OR
2 1 258 258 1543 UNKNOWN
2 1 1543 516 1544 AND
2 1 258 1284 1545 AND
2 1 1544 1545 1546 OR
2 1 258 258 1547 UNKNOWN
2 1 1547 517 1548 AND
2 1 258 1285 1549 AND
2 1 1548 1549 1550 OR
2 1 258 258 1551 UNKNOWN
2 1 1551 518 1552 AND
2 1 258 1286 1553 AND
2 1 1552 1553 1554 OR
2 1 258 258 1555 UNKNOWN
2 1 1555 519 1556 AND
2 1 258 1287 1557 AND
2 1 1556 1557 1558 OR
2 1 258 258 1559 UNKNOWN
2 1 1559 520 1560 AND
2 1 258 1288 1561 AND
2 1 1560 1561 1562 OR
2 1 258 258 1563 UNKNOWN
2 1 1563 521 1564 AND
2 1 258 1289 1565 AND
2 1 1564 1565 1566 OR
2 1 258 258 1567 UNKNOWN
2 1 1567 522 1568 AND
2 1 258 1290 1569 AND
2 1 1568 1569 1570 OR
2 1 258 258 1571 UNKNOWN
2 1 1571 523 1572 AND
2 1 258 1291 1573 AND
2 1 1572 1573 1574 OR
2 1 258 258 1575 UNKNOWN
2 1 1575 524 1576 AND
2 1 258 1292 1577 AND
2 1 1576 1577 1578 OR
2 1 258 258 1579 UNKNOWN
2 1 1579 525 1580 AND
2 1 258 1293 1581 AND
2 1 1580 1581 1582 OR
2 1 258 258 1583 UNKNOWN
2 1 1583 526 1584 AND
2 1 258 1294 1585 AND
2 1 1584 1585 1586 OR
2 1 258 258 1587 UNKNOWN
2 1 1587 527 1588 AND
2 1 258 1295 1589 AND
2 1 1588 1589 1590 OR
2 1 258 258 1591 UNKNOWN
2 1 1591 528 1592 AND
2 1 258 1296 1593 AND
2 1 1592 1593 1594 OR
2 1 258 258 1595 UNKNOWN
2 1 1595 529 1596 AND
2 1 258 1297 1597 AND
2 1 1596 1597 1598 OR
2 1 258 258 1599 UNKNOWN
2 1 1599 530 1600 AND
2 1 258 1298 1601 AND
2 1 1600 1601 1602 OR
2 1 258 258 1603 UNKNOWN
2 1 1603 531 1604 AND
2 1 258 1299 1605 AND
2 1 1604 1605 1606 OR
2 1 258 258 1607 UNKNOWN
2 1 1607 532 1608 AND
2 1 258 1300 1609 AND
2 1 1608 1609 1610 OR
2 1 258 258 1611 UNKNOWN
2 1 1611 533 1612 AND
2 1 258 1301 1613 AND
2 1 1612 1613 1614 OR
2 1 258 258 1615 UNKNOWN
2 1 1615 534 1616 AND
2 1 258 1302 1617 AND
2 1 1616 1617 1618 OR
2 1 258 258 1619 UNKNOWN
2 1 1619 535 1620 AND
2 1 258 1303 1621 AND
2 1 1620 1621 1622 OR
2 1 258 258 1623 UNKNOWN
2 1 1623 536 1624 AND
2 1 258 1304 1625 AND
2 1 1624 1625 1626 OR
2 1 258 258 1627 UNKNOWN
2 1 1627 537 1628 AND
2 1 258 1305 1629 AND
2 1 1628 1629 1630 OR
2 1 258 258 1631 UNKNOWN
2 1 1631 538 1632 AND
2 1 258 1306 1633 AND
2 1 1632 1633 1634 OR
2 1 258 258 1635 UNKNOWN
2 1 1635 539 1636 AND
2 1 258 1307 1637 AND
2 1 1636 1637 1638 OR
2 1 258 258 1639 UNKNOWN
2 1 1639 540 1640 AND
2 1 258 1308 1641 AND
2 1 1640 1641 1642 OR
2 1 258 258 1643 UNKNOWN
2 1 1643 541 1644 AND
2 1 258 1309 1645 AND
2 1 1644 1645 1646 OR
2 1 258 258 1647 UNKNOWN
2 1 1647 542 1648 AND
2 1 258 1310 1649 AND
2 1 1648 1649 1650 OR
2 1 258 258 1651 UNKNOWN
2 1 1651 543 1652 AND
2 1 258 1311 1653 AND
2 1 1652 1653 1654 OR
2 1 258 258 1655 UNKNOWN
2 1 1655 544 1656 AND
2 1 258 1312 1657 AND
2 1 1656 1657 1658 OR
2 1 258 258 1659 UNKNOWN
2 1 1659 545 1660 AND
2 1 258 1313 1661 AND
2 1 1660 1661 1662 OR
2 1 258 258 1663 UNKNOWN
2 1 1663 546 1664 AND
2 1 258 1314 1665 AND
2 1 1664 1665 1666 OR
2 1 258 258 1667 UNKNOWN
2 1 1667 547 1668 AND
2 1 258 1315 1669 AND
2 1 1668 1669 1670 OR
2 1 258 258 1671 UNKNOWN
2 1 1671 548 1672 AND
2 1 258 1316 1673 AND
2 1 1672 1673 1674 OR
2 1 258 258 1675 UNKNOWN
2 1 1675 549 1676 AND
2 1 258 1317 1677 AND
2 1 1676 1677 1678 OR
2 1 258 258 1679 UNKNOWN
2 1 1679 550 1680 AND
2 1 258 1318 1681 AND
2 1 1680 1681 1682 OR
2 1 258 258 1683 UNKNOWN
2 1 1683 551 1684 AND
2 1 258 1319 1685 AND
2 1 1684 1685 1686 OR
2 1 258 258 1687 UNKNOWN
2 1 1687 552 1688 AND
2 1 258 1320 1689 AND
2 1 1688 1689 1690 OR
2 1 258 258 1691 UNKNOWN
2 1 1691 553 1692 AND
2 1 258 1321 1693 AND
2 1 1692 1693 1694 OR
2 1 258 258 1695 UNKNOWN
2 1 1695 554 1696 AND
2 1 258 1322 1697 AND
2 1 1696 1697 1698 OR
2 1 258 258 1699 UNKNOWN
2 1 1699 555 1700 AND
2 1 258 1323 1701 AND
2 1 1700 1701 1702 OR
2 1 258 258 1703 UNKNOWN
2 1 1703 556 1704 AND
2 1 258 1324 1705 AND
2 1 1704 1705 1706 OR
2 1 258 258 1707 UNKNOWN
2 1 1707 557 1708 AND
2 1 258 1325 1709 AND
2 1 1708 1709 1710 OR
2 1 258 258 1711 UNKNOWN
2 1 1711 558 1712 AND
2 1 258 1326 1713 AND
2 1 1712 1713 1714 OR
2 1 258 258 1715 UNKNOWN
2 1 1715 559 1716 AND
2 1 258 1327 1717 AND
2 1 1716 1717 1718 OR
2 1 258 258 1719 UNKNOWN
2 1 1719 560 1720 AND
2 1 258 1328 1721 AND
2 1 1720 1721 1722 OR
2 1 258 258 1723 UNKNOWN
2 1 1723 561 1724 AND
2 1 258 1329 1725 AND
2 1 1724 1725 1726 OR
2 1 258 258 1727 UNKNOWN
2 1 1727 562 1728 AND
2 1 258 1330 1729 AND
2 1 1728 1729 1730 OR
2 1 258 258 1731 UNKNOWN
2 1 1731 563 1732 AND
2 1 258 1331 1733 AND
2 1 1732 1733 1734 OR
2 1 258 258 1735 UNKNOWN
2 1 1735 564 1736 AND
2 1 258 1332 1737 AND
2 1 1736 1737 1738 OR
2 1 258 258 1739 UNKNOWN
2 1 1739 565 1740 AND
2 1 258 1333 1741 AND
2 1 1740 1741 1742 OR
2 1 258 258 1743 UNKNOWN
2 1 1743 566 1744 AND
2 1 258 1334 1745 AND
2 1 1744 1745 1746 OR
2 1 258 258 1747 UNKNOWN
2 1 1747 567 1748 AND
2 1 258 1335 1749 AND
2 1 1748 1749 1750 OR
2 1 258 258 1751 UNKNOWN
2 1 1751 568 1752 AND
2 1 258 1336 1753 AND
2 1 1752 1753 1754 OR
2 1 258 258 1755 UNKNOWN
2 1 1755 569 1756 AND
2 1 258 1337 1757 AND
2 1 1756 1757 1758 OR
2 1 258 258 1759 UNKNOWN
2 1 1759 570 1760 AND
2 1 258 1338 1761 AND
2 1 1760 1761 1762 OR
2 1 258 258 1763 UNKNOWN
2 1 1763 571 1764 AND
2 1 258 1339 1765 AND
2 1 1764 1765 1766 OR
2 1 258 258 1767 UNKNOWN
2 1 1767 572 1768 AND
2 1 258 1340 1769 AND
2 1 1768 1769 1770 OR
2 1 258 258 1771 UNKNOWN
2 1 1771 573 1772 AND
2 1 258 1341 1773 AND
2 1 1772 1773 1774 OR
2 1 258 258 1775 UNKNOWN
2 1 1775 574 1776 AND
2 1 258 1342 1777 AND
2 1 1776 1777 1778 OR
2 1 258 258 1779 UNKNOWN
2 1 1779 575 1780 AND
2 1 258 1343 1781 AND
2 1 1780 1781 1782 OR
2 1 258 258 1783 UNKNOWN
2 1 1783 576 1784 AND
2 1 258 1344 1785 AND
2 1 1784 1785 1786 OR
2 1 258 258 1787 UNKNOWN
2 1 1787 577 1788 AND
2 1 258 1345 1789 AND
2 1 1788 1789 1790 OR
2 1 258 258 1791 UNKNOWN
2 1 1791 578 1792 AND
2 1 258 1346 1793 AND
2 1 1792 1793 1794 OR
2 1 258 258 1795 UNKNOWN
2 1 1795 579 1796 AND
2 1 258 1347 1797 AND
2 1 1796 1797 1798 OR
2 1 258 258 1799 UNKNOWN
2 1 1799 580 1800 AND
2 1 258 1348 1801 AND
2 1 1800 1801 1802 OR
2 1 258 258 1803 UNKNOWN
2 1 1803 581 1804 AND
2 1 258 1349 1805 AND
2 1 1804 1805 1806 OR
2 1 258 258 1807 UNKNOWN
2 1 1807 582 1808 AND
2 1 258 1350 1809 AND
2 1 1808 1809 1810 OR
2 1 258 258 1811 UNKNOWN
2 1 1811 583 1812 AND
2 1 258 1351 1813 AND
2 1 1812 1813 1814 OR
2 1 258 258 1815 UNKNOWN
2 1 1815 584 1816 AND
2 1 258 1352 1817 AND
2 1 1816 1817 1818 OR
2 1 258 258 1819 UNKNOWN
2 1 1819 585 1820 AND
2 1 258 1353 1821 AND
2 1 1820 1821 1822 OR
2 1 258 258 1823 UNKNOWN
2 1 1823 586 1824 AND
2 1 258 1354 1825 AND
2 1 1824 1825 1826 OR
2 1 258 258 1827 UNKNOWN
2 1 1827 587 1828 AND
2 1 258 1355 1829 AND
2 1 1828 1829 1830 OR
2 1 258 258 1831 UNKNOWN
2 1 1831 588 1832 AND
2 1 258 1356 1833 AND
2 1 1832 1833 1834 OR
2 1 258 258 1835 UNKNOWN
2 1 1835 589 1836 AND
2 1 258 1357 1837 AND
2 1 1836 1837 1838 OR
2 1 258 258 1839 UNKNOWN
2 1 1839 590 1840 AND
2 1 258 1358 1841 AND
2 1 1840 1841 1842 OR
2 1 258 258 1843 UNKNOWN
2 1 1843 591 1844 AND
2 1 258 1359 1845 AND
2 1 1844 1845 1846 OR
2 1 258 258 1847 UNKNOWN
2 1 1847 592 1848 AND
2 1 258 1360 1849 AND
2 1 1848 1849 1850 OR
2 1 258 258 1851 UNKNOWN
2 1 1851 593 1852 AND
2 1 258 1361 1853 AND
2 1 1852 1853 1854 OR
2 1 258 258 1855 UNKNOWN
2 1 1855 594 1856 AND
2 1 258 1362 1857 AND
2 1 1856 1857 1858 OR
2 1 258 258 1859 UNKNOWN
2 1 1859 595 1860 AND
2 1 258 1363 1861 AND
2 1 1860 1861 1862 OR
2 1 258 258 1863 UNKNOWN
2 1 1863 596 1864 AND
2 1 258 1364 1865 AND
2 1 1864 1865 1866 OR
2 1 258 258 1867 UNKNOWN
2 1 1867 597 1868 AND
2 1 258 1365 1869 AND
2 1 1868 1869 1870 OR
2 1 258 258 1871 UNKNOWN
2 1 1871 598 1872 AND
2 1 258 1366 1873 AND
2 1 1872 1873 1874 OR
2 1 258 258 1875 UNKNOWN
2 1 1875 599 1876 AND
2 1 258 1367 1877 AND
2 1 1876 1877 1878 OR
2 1 258 258 1879 UNKNOWN
2 1 1879 600 1880 AND
2 1 258 1368 1881 AND
2 1 1880 1881 1882 OR
2 1 258 258 1883 UNKNOWN
2 1 1883 601 1884 AND
2 1 258 1369 1885 AND
2 1 1884 1885 1886 OR
2 1 258 258 1887 UNKNOWN
2 1 1887 602 1888 AND
2 1 258 1370 1889 AND
2 1 1888 1889 1890 OR
2 1 258 258 1891 UNKNOWN
2 1 1891 603 1892 AND
2 1 258 1371 1893 AND
2 1 1892 1893 1894 OR
2 1 258 258 1895 UNKNOWN
2 1 1895 604 1896 AND
2 1 258 1372 1897 AND
2 1 1896 1897 1898 OR
2 1 258 258 1899 UNKNOWN
2 1 1899 605 1900 AND
2 1 258 1373 1901 AND
2 1 1900 1901 1902 OR
2 1 258 258 1903 UNKNOWN
2 1 1903 606 1904 AND
2 1 258 1374 1905 AND
2 1 1904 1905 1906 OR
2 1 258 258 1907 UNKNOWN
2 1 1907 607 1908 AND
2 1 258 1375 1909 AND
2 1 1908 1909 1910 OR
2 1 258 258 1911 UNKNOWN
2 1 1911 608 1912 AND
2 1 258 1376 1913 AND
2 1 1912 1913 1914 OR
2 1 258 258 1915 UNKNOWN
2 1 1915 609 1916 AND
2 1 258 1377 1917 AND
2 1 1916 1917 1918 OR
2 1 258 258 1919 UNKNOWN
2 1 1919 610 1920 AND
2 1 258 1378 1921 AND
2 1 1920 1921 1922 OR
2 1 258 258 1923 UNKNOWN
2 1 1923 611 1924 AND
2 1 258 1379 1925 AND
2 1 1924 1925 1926 OR
2 1 258 258 1927 UNKNOWN
2 1 1927 612 1928 AND
2 1 258 1380 1929 AND
2 1 1928 1929 1930 OR
2 1 258 258 1931 UNKNOWN
2 1 1931 613 1932 AND
2 1 258 1381 1933 AND
2 1 1932 1933 1934 OR
2 1 258 258 1935 UNKNOWN
2 1 1935 614 1936 AND
2 1 258 1382 1937 AND
2 1 1936 1937 1938 OR
2 1 258 258 1939 UNKNOWN
2 1 1939 615 1940 AND
2 1 258 1383 1941 AND
2 1 1940 1941 1942 OR
2 1 258 258 1943 UNKNOWN
2 1 1943 616 1944 AND
2 1 258 1384 1945 AND
2 1 1944 1945 1946 OR
2 1 258 258 1947 UNKNOWN
2 1 1947 617 1948 AND
2 1 258 1385 1949 AND
2 1 1948 1949 1950 OR
2 1 258 258 1951 UNKNOWN
2 1 1951 618 1952 AND
2 1 258 1386 1953 AND
2 1 1952 1953 1954 OR
2 1 258 258 1955 UNKNOWN
2 1 1955 619 1956 AND
2 1 258 1387 1957 AND
2 1 1956 1957 1958 OR
2 1 258 258 1959 UNKNOWN
2 1 1959 620 1960 AND
2 1 258 1388 1961 AND
2 1 1960 1961 1962 OR
2 1 258 258 1963 UNKNOWN
2 1 1963 621 1964 AND
2 1 258 1389 1965 AND
2 1 1964 1965 1966 OR
2 1 258 258 1967 UNKNOWN
2 1 1967 622 1968 AND
2 1 258 1390 1969 AND
2 1 1968 1969 1970 OR
2 1 258 258 1971 UNKNOWN
2 1 1971 623 1972 AND
2 1 258 1391 1973 AND
2 1 1972 1973 1974 OR
2 1 258 258 1975 UNKNOWN
2 1 1975 624 1976 AND
2 1 258 1392 1977 AND
2 1 1976 1977 1978 OR
2 1 258 258 1979 UNKNOWN
2 1 1979 625 1980 AND
2 1 258 1393 1981 AND
2 1 1980 1981 1982 OR
2 1 258 258 1983 UNKNOWN
2 1 1983 626 1984 AND
2 1 258 1394 1985 AND
2 1 1984 1985 1986 OR
2 1 258 258 1987 UNKNOWN
2 1 1987 627 1988 AND
2 1 258 1395 1989 AND
2 1 1988 1989 1990 OR
2 1 258 258 1991 UNKNOWN
2 1 1991 628 1992 AND
2 1 258 1396 1993 AND
2 1 1992 1993 1994 OR
2 1 258 258 1995 UNKNOWN
2 1 1995 629 1996 AND
2 1 258 1397 1997 AND
2 1 1996 1997 1998 OR
2 1 258 258 1999 UNKNOWN
2 1 1999 630 2000 AND
2 1 258 1398 2001 AND
2 1 2000 2001 2002 OR
2 1 258 258 2003 UNKNOWN
2 1 2003 631 2004 AND
2 1 258 1399 2005 AND
2 1 2004 2005 2006 OR
2 1 258 258 2007 UNKNOWN
2 1 2007 632 2008 AND
2 1 258 1400 2009 AND
2 1 2008 2009 2010 OR
2 1 258 258 2011 UNKNOWN
2 1 2011 633 2012 AND
2 1 258 1401 2013 AND
2 1 2012 2013 2014 OR
2 1 258 258 2015 UNKNOWN
2 1 2015 634 2016 AND
2 1 258 1402 2017 AND
2 1 2016 2017 2018 OR
2 1 258 258 2019 UNKNOWN
2 1 2019 635 2020 AND
2 1 258 1403 2021 AND
2 1 2020 2021 2022 OR
2 1 258 258 2023 UNKNOWN
2 1 2023 636 2024 AND
2 1 258 1404 2025 AND
2 1 2024 2025 2026 OR
2 1 258 258 2027 UNKNOWN
2 1 2027 637 2028 AND
2 1 258 1405 2029 AND
2 1 2028 2029 2030 OR
2 1 258 258 2031 UNKNOWN
2 1 2031 638 2032 AND
2 1 258 1406 2033 AND
2 1 2032 2033 2034 OR
2 1 258 258 2035 UNKNOWN
2 1 2035 639 2036 AND
2 1 258 1407 2037 AND
2 1 2036 2037 2038 OR
2 1 258 258 2039 UNKNOWN
2 1 2039 640 2040 AND
2 1 258 1408 2041 AND
2 1 2040 2041 2042 OR
2 1 258 258 2043 UNKNOWN
2 1 2043 641 2044 AND
2 1 258 1409 2045 AND
2 1 2044 2045 2046 OR
2 1 258 258 2047 UNKNOWN
2 1 2047 642 2048 AND
2 1 258 1410 2049 AND
2 1 2048 2049 2050 OR
2 1 258 258 2051 UNKNOWN
2 1 2051 643 2052 AND
2 1 258 1411 2053 AND
2 1 2052 2053 2054 OR
2 1 258 258 2055 UNKNOWN
2 1 2055 644 2056 AND
2 1 258 1412 2057 AND
2 1 2056 2057 2058 OR
2 1 258 258 2059 UNKNOWN
2 1 2059 645 2060 AND
2 1 258 1413 2061 AND
2 1 2060 2061 2062 OR
2 1 258 258 2063 UNKNOWN
2 1 2063 646 2064 AND
2 1 258 1414 2065 AND
2 1 2064 2065 2066 OR
2 1 258 258 2067 UNKNOWN
2 1 2067 647 2068 AND
2 1 258 1415 2069 AND
2 1 2068 2069 2070 OR
2 1 258 258 2071 UNKNOWN
2 1 2071 648 2072 AND
2 1 258 1416 2073 AND
2 1 2072 2073 2074 OR
2 1 258 258 2075 UNKNOWN
2 1 2075 649 2076 AND
2 1 258 1417 2077 AND
2 1 2076 2077 2078 OR
2 1 258 258 2079 UNKNOWN
2 1 2079 650 2080 AND
2 1 258 1418 2081 AND
2 1 2080 2081 2082 OR
2 1 258 258 2083 UNKNOWN
2 1 2083 651 2084 AND
2 1 258 1419 2085 AND
2 1 2084 2085 2086 OR
2 1 258 258 2087 UNKNOWN
2 1 2087 652 2088 AND
2 1 258 1420 2089 AND
2 1 2088 2089 2090 OR
2 1 258 258 2091 UNKNOWN
2 1 2091 653 2092 AND
2 1 258 1421 2093 AND
2 1 2092 2093 2094 OR
2 1 258 258 2095 UNKNOWN
2 1 2095 654 2096 AND
2 1 258 1422 2097 AND
2 1 2096 2097 2098 OR
2 1 258 258 2099 UNKNOWN
2 1 2099 655 2100 AND
2 1 258 1423 2101 AND
2 1 2100 2101 2102 OR
2 1 258 258 2103 UNKNOWN
2 1 2103 656 2104 AND
2 1 258 1424 2105 AND
2 1 2104 2105 2106 OR
2 1 258 258 2107 UNKNOWN
2 1 2107 657 2108 AND
2 1 258 1425 2109 AND
2 1 2108 2109 2110 OR
2 1 258 258 2111 UNKNOWN
2 1 2111 658 2112 AND
2 1 258 1426 2113 AND
2 1 2112 2113 2114 OR
2 1 258 258 2115 UNKNOWN
2 1 2115 659 2116 AND
2 1 258 1427 2117 AND
2 1 2116 2117 2118 OR
2 1 258 258 2119 UNKNOWN
2 1 2119 660 2120 AND
2 1 258 1428 2121 AND
2 1 2120 2121 2122 OR
2 1 258 258 2123 UNKNOWN
2 1 2123 661 2124 AND
2 1 258 1429 2125 AND
2 1 2124 2125 2126 OR
2 1 258 258 2127 UNKNOWN
2 1 2127 662 2128 AND
2 1 258 1430 2129 AND
2 1 2128 2129 2130 OR
2 1 258 258 2131 UNKNOWN
2 1 2131 663 2132 AND
2 1 258 1431 2133 AND
2 1 2132 2133 2134 OR
2 1 258 258 2135 UNKNOWN
2 1 2135 664 2136 AND
2 1 258 1432 2137 AND
2 1 2136 2137 2138 OR
2 1 258 258 2139 UNKNOWN
2 1 2139 665 2140 AND
2 1 258 1433 2141 AND
2 1 2140 2141 2142 OR
2 1 258 258 2143 UNKNOWN
2 1 2143 666 2144 AND
2 1 258 1434 2145 AND
2 1 2144 2145 2146 OR
2 1 258 258 2147 UNKNOWN
2 1 2147 667 2148 AND
2 1 258 1435 2149 AND
2 1 2148 2149 2150 OR
2 1 258 258 2151 UNKNOWN
2 1 2151 668 2152 AND
2 1 258 1436 2153 AND
2 1 2152 2153 2154 OR
2 1 258 258 2155 UNKNOWN
2 1 2155 669 2156 AND
2 1 258 1437 2157 AND
2 1 2156 2157 2158 OR
2 1 258 258 2159 UNKNOWN
2 1 2159 670 2160 AND
2 1 258 1438 2161 AND
2 1 2160 2161 2162 OR
2 1 258 258 2163 UNKNOWN
2 1 2163 671 2164 AND
2 1 258 1439 2165 AND
2 1 2164 2165 2166 OR
2 1 258 258 2167 UNKNOWN
2 1 2167 672 2168 AND
2 1 258 1440 2169 AND
2 1 2168 2169 2170 OR
2 1 258 258 2171 UNKNOWN
2 1 2171 673 2172 AND
2 1 258 1441 2173 AND
2 1 2172 2173 2174 OR
2 1 258 258 2175 UNKNOWN
2 1 2175 674 2176 AND
2 1 258 1442 2177 AND
2 1 2176 2177 2178 OR
2 1 258 258 2179 UNKNOWN
2 1 2179 675 2180 AND
2 1 258 1443 2181 AND
2 1 2180 2181 2182 OR
2 1 258 258 2183 UNKNOWN
2 1 2183 676 2184 AND
2 1 258 1444 2185 AND
2 1 2184 2185 2186 OR
2 1 258 258 2187 UNKNOWN
2 1 2187 677 2188 AND
2 1 258 1445 2189 AND
2 1 2188 2189 2190 OR
2 1 258 258 2191 UNKNOWN
2 1 2191 678 2192 AND
2 1 258 1446 2193 AND
2 1 2192 2193 2194 OR
2 1 258 258 2195 UNKNOWN
2 1 2195 679 2196 AND
2 1 258 1447 2197 AND
2 1 2196 2197 2198 OR
2 1 258 258 2199 UNKNOWN
2 1 2199 680 2200 AND
2 1 258 1448 2201 AND
2 1 2200 2201 2202 OR
2 1 258 258 2203 UNKNOWN
2 1 2203 681 2204 AND
2 1 258 1449 2205 AND
2 1 2204 2205 2206 OR
2 1 258 258 2207 UNKNOWN
2 1 2207 682 2208 AND
2 1 258 1450 2209 AND
2 1 2208 2209 2210 OR
2 1 258 258 2211 UNKNOWN
2 1 2211 683 2212 AND
2 1 258 1451 2213 AND
2 1 2212 2213 2214 OR
2 1 258 258 2215 UNKNOWN
2 1 2215 684 2216 AND
2 1 258 1452 2217 AND
2 1 2216 2217 2218 OR
2 1 258 258 2219 UNKNOWN
2 1 2219 685 2220 AND
2 1 258 1453 2221 AND
2 1 2220 2221 2222 OR
2 1 258 258 2223 UNKNOWN
2 1 2223 686 2224 AND
2 1 258 1454 2225 AND
2 1 2224 2225 2226 OR
2 1 258 258 2227 UNKNOWN
2 1 2227 687 2228 AND
2 1 258 1455 2229 AND
2 1 2228 2229 2230 OR
2 1 258 258 2231 UNKNOWN
2 1 2231 688 2232 AND
2 1 258 1456 2233 AND
2 1 2232 2233 2234 OR
2 1 258 258 2235 UNKNOWN
2 1 2235 689 2236 AND
2 1 258 1457 2237 AND
2 1 2236 2237 2238 OR
2 1 258 258 2239 UNKNOWN
2 1 2239 690 2240 AND
2 1 258 1458 2241 AND
2 1 2240 2241 2242 OR
2 1 258 258 2243 UNKNOWN
2 1 2243 691 2244 AND
2 1 258 1459 2245 AND
2 1 2244 2245 2246 OR
2 1 258 258 2247 UNKNOWN
2 1 2247 692 2248 AND
2 1 258 1460 2249 AND
2 1 2248 2249 2250 OR
2 1 258 258 2251 UNKNOWN
2 1 2251 693 2252 AND
2 1 258 1461 2253 AND
2 1 2252 2253 2254 OR
2 1 258 258 2255 UNKNOWN
2 1 2255 694 2256 AND
2 1 258 1462 2257 AND
2 1 2256 2257 2258 OR
2 1 258 258 2259 UNKNOWN
2 1 2259 695 2260 AND
2 1 258 1463 2261 AND
2 1 2260 2261 2262 OR
2 1 258 258 2263 UNKNOWN
2 1 2263 696 2264 AND
2 1 258 1464 2265 AND
2 1 2264 2265 2266 OR
2 1 258 258 2267 UNKNOWN
2 1 2267 697 2268 AND
2 1 258 1465 2269 AND
2 1 2268 2269 2270 OR
2 1 258 258 2271 UNKNOWN
2 1 2271 698 2272 AND
2 1 258 1466 2273 AND
2 1 2272 2273 2274 OR
2 1 258 258 2275 UNKNOWN
2 1 2275 699 2276 AND
2 1 258 1467 2277 AND
2 1 2276 2277 2278 OR
2 1 258 258 2279 UNKNOWN
2 1 2279 700 2280 AND
2 1 258 1468 2281 AND
2 1 2280 2281 2282 OR
2 1 258 258 2283 UNKNOWN
2 1 2283 701 2284 AND
2 1 258 1469 2285 AND
2 1 2284 2285 2286 OR
2 1 258 258 2287 UNKNOWN
2 1 2287 702 2288 AND
2 1 258 1470 2289 AND
2 1 2288 2289 2290 OR
2 1 258 258 2291 UNKNOWN
2 1 2291 703 2292 AND
2 1 258 1471 2293 AND
2 1 2292 2293 2294 OR
2 1 258 258 2295 UNKNOWN
2 1 2295 704 2296 AND
2 1 258 1472 2297 AND
2 1 2296 2297 2298 OR
2 1 258 258 2299 UNKNOWN
2 1 2299 705 2300 AND
2 1 258 1473 2301 AND
2 1 2300 2301 2302 OR
2 1 258 258 2303 UNKNOWN
2 1 2303 706 2304 AND
2 1 258 1474 2305 AND
2 1 2304 2305 2306 OR
2 1 258 258 2307 UNKNOWN
2 1 2307 707 2308 AND
2 1 258 1475 2309 AND
2 1 2308 2309 2310 OR
2 1 258 258 2311 UNKNOWN
2 1 2311 708 2312 AND
2 1 258 1476 2313 AND
2 1 2312 2313 2314 OR
2 1 258 258 2315 UNKNOWN
2 1 2315 709 2316 AND
2 1 258 1477 2317 AND
2 1 2316 2317 2318 OR
2 1 258 258 2319 UNKNOWN
2 1 2319 710 2320 AND
2 1 258 1478 2321 AND
2 1 2320 2321 2322 OR
2 1 258 258 2323 UNKNOWN
2 1 2323 711 2324 AND
2 1 258 1479 2325 AND
2 1 2324 2325 2326 OR
2 1 258 258 2327 UNKNOWN
2 1 2327 712 2328 AND
2 1 258 1480 2329 AND
2 1 2328 2329 2330 OR
2 1 258 258 2331 UNKNOWN
2 1 2331 713 2332 AND
2 1 258 1481 2333 AND
2 1 2332 2333 2334 OR
2 1 258 258 2335 UNKNOWN
2 1 2335 714 2336 AND
2 1 258 1482 2337 AND
2 1 2336 2337 2338 OR
2 1 258 258 2339 UNKNOWN
2 1 2339 715 2340 AND
2 1 258 1483 2341 AND
2 1 2340 2341 2342 OR
2 1 258 258 2343 UNKNOWN
2 1 2343 716 2344 AND
2 1 258 1484 2345 AND
2 1 2344 2345 2346 OR
2 1 258 258 2347 UNKNOWN
2 1 2347 717 2348 AND
2 1 258 1485 2349 AND
2 1 2348 2349 2350 OR
2 1 258 258 2351 UNKNOWN
2 1 2351 718 2352 AND
2 1 258 1486 2353 AND
2 1 2352 2353 2354 OR
2 1 258 258 2355 UNKNOWN
2 1 2355 719 2356 AND
2 1 258 1487 2357 AND
2 1 2356 2357 2358 OR
2 1 258 258 2359 UNKNOWN
2 1 2359 720 2360 AND
2 1 258 1488 2361 AND
2 1 2360 2361 2362 OR
2 1 258 258 2363 UNKNOWN
2 1 2363 721 2364 AND
2 1 258 1489 2365 AND
2 1 2364 2365 2366 OR
2 1 258 258 2367 UNKNOWN
2 1 2367 722 2368 AND
2 1 258 1490 2369 AND
2 1 2368 2369 2370 OR
2 1 258 258 2371 UNKNOWN
2 1 2371 723 2372 AND
2 1 258 1491 2373 AND
2 1 2372 2373 2374 OR
2 1 258 258 2375 UNKNOWN
2 1 2375 724 2376 AND
2 1 258 1492 2377 AND
2 1 2376 2377 2378 OR
2 1 258 258 2379 UNKNOWN
2 1 2379 725 2380 AND
2 1 258 1493 2381 AND
2 1 2380 2381 2382 OR
2 1 258 258 2383 UNKNOWN
2 1 2383 726 2384 AND
2 1 258 1494 2385 AND
2 1 2384 2385 2386 OR
2 1 258 258 2387 UNKNOWN
2 1 2387 727 2388 AND
2 1 258 1495 2389 AND
2 1 2388 2389 2390 OR
2 1 258 258 2391 UNKNOWN
2 1 2391 728 2392 AND
2 1 258 1496 2393 AND
2 1 2392 2393 2394 OR
2 1 258 258 2395 UNKNOWN
2 1 2395 729 2396 AND
2 1 258 1497 2397 AND
2 1 2396 2397 2398 OR
2 1 258 258 2399 UNKNOWN
2 1 2399 730 2400 AND
2 1 258 1498 2401 AND
2 1 2400 2401 2402 OR
2 1 258 258 2403 UNKNOWN
2 1 2403 731 2404 AND
2 1 258 1499 2405 AND
2 1 2404 2405 2406 OR
2 1 258 258 2407 UNKNOWN
2 1 2407 732 2408 AND
2 1 258 1500 2409 AND
2 1 2408 2409 2410 OR
2 1 258 258 2411 UNKNOWN
2 1 2411 733 2412 AND
2 1 258 1501 2413 AND
2 1 2412 2413 2414 OR
2 1 258 258 2415 UNKNOWN
2 1 2415 734 2416 AND
2 1 258 1502 2417 AND
2 1 2416 2417 2418 OR
2 1 258 258 2419 UNKNOWN
2 1 2419 735 2420 AND
2 1 258 1503 2421 AND
2 1 2420 2421 2422 OR
2 1 258 258 2423 UNKNOWN
2 1 2423 736 2424 AND
2 1 258 1504 2425 AND
2 1 2424 2425 2426 OR
2 1 258 258 2427 UNKNOWN
2 1 2427 737 2428 AND
2 1 258 1505 2429 AND
2 1 2428 2429 2430 OR
2 1 258 258 2431 UNKNOWN
2 1 2431 738 2432 AND
2 1 258 1506 2433 AND
2 1 2432 2433 2434 OR
2 1 258 258 2435 UNKNOWN
2 1 2435 739 2436 AND
2 1 258 1507 2437 AND
2 1 2436 2437 2438 OR
2 1 258 258 2439 UNKNOWN
2 1 2439 740 2440 AND
2 1 258 1508 2441 AND
2 1 2440 2441 2442 OR
2 1 258 258 2443 UNKNOWN
2 1 2443 741 2444 AND
2 1 258 1509 2445 AND
2 1 2444 2445 2446 OR
2 1 258 258 2447 UNKNOWN
2 1 2447 742 2448 AND
2 1 258 1510 2449 AND
2 1 2448 2449 2450 OR
2 1 258 258 2451 UNKNOWN
2 1 2451 743 2452 AND
2 1 258 1511 2453 AND
2 1 2452 2453 2454 OR
2 1 258 258 2455 UNKNOWN
2 1 2455 744 2456 AND
2 1 258 1512 2457 AND
2 1 2456 2457 2458 OR
2 1 258 258 2459 UNKNOWN
2 1 2459 745 2460 AND
2 1 258 1513 2461 AND
2 1 2460 2461 2462 OR
2 1 258 258 2463 UNKNOWN
2 1 2463 746 2464 AND
2 1 258 1514 2465 AND
2 1 2464 2465 2466 OR
2 1 258 258 2467 UNKNOWN
2 1 2467 747 2468 AND
2 1 258 1515 2469 AND
2 1 2468 2469 2470 OR
2 1 258 258 2471 UNKNOWN
2 1 2471 748 2472 AND
2 1 258 1516 2473 AND
2 1 2472 2473 2474 OR
2 1 258 258 2475 UNKNOWN
2 1 2475 749 2476 AND
2 1 258 1517 2477 AND
2 1 2476 2477 2478 OR
2 1 258 258 2479 UNKNOWN
2 1 2479 750 2480 AND
2 1 258 1518 2481 AND
2 1 2480 2481 2482 OR
2 1 258 258 2483 UNKNOWN
2 1 2483 751 2484 AND
2 1 258 1519 2485 AND
2 1 2484 2485 2486 OR
2 1 258 258 2487 UNKNOWN
2 1 2487 752 2488 AND
2 1 258 1520 2489 AND
2 1 2488 2489 2490 OR
2 1 258 258 2491 UNKNOWN
2 1 2491 753 2492 AND
2 1 258 1521 2493 AND
2 1 2492 2493 2494 OR
2 1 258 258 2495 UNKNOWN
2 1 2495 754 2496 AND
2 1 258 1522 2497 AND
2 1 2496 2497 2498 OR
2 1 258 258 2499 UNKNOWN
2 1 2499 755 2500 AND
2 1 258 1523 2501 AND
2 1 2500 2501 2502 OR
2 1 258 258 2503 UNKNOWN
2 1 2503 756 2504 AND
2 1 258 1524 2505 AND
2 1 2504 2505 2506 OR
2 1 258 258 2507 UNKNOWN
2 1 2507 757 2508 AND
2 1 258 1525 2509 AND
2 1 2508 2509 2510 OR
2 1 258 258 2511 UNKNOWN
2 1 2511 758 2512 AND
2 1 258 1526 2513 AND
2 1 2512 2513 2514 OR
2 1 258 258 2515 UNKNOWN
2 1 2515 759 2516 AND
2 1 258 1527 2517 AND
2 1 2516 2517 2518 OR
2 1 258 258 2519 UNKNOWN
2 1 2519 760 2520 AND
2 1 258 1528 2521 AND
2 1 2520 2521 2522 OR
2 1 258 258 2523 UNKNOWN
2 1 2523 761 2524 AND
2 1 258 1529 2525 AND
2 1 2524 2525 2526 OR
2 1 258 258 2527 UNKNOWN
2 1 2527 762 2528 AND
2 1 258 1530 2529 AND
2 1 2528 2529 2530 OR
2 1 258 258 2531 UNKNOWN
2 1 2531 763 2532 AND
2 1 258 1531 2533 AND
2 1 2532 2533 2534 OR
2 1 258 258 2535 UNKNOWN
2 1 2535 764 2536 AND
2 1 258 1532 2537 AND
2 1 2536 2537 2538 OR
2 1 258 258 2539 UNKNOWN
2 1 2539 765 2540 AND
2 1 258 1533 2541 AND
2 1 2540 2541 2542 OR
2 1 258 258 2543 UNKNOWN
2 1 2543 766 2544 AND
2 1 258 1534 2545 AND
2 1 2544 2545 2546 OR
2 1 258 258 2547 UNKNOWN
2 1 2547 767 2548 AND
2 1 258 1535 2549 AND
2 1 2548 2549 2550 OR
2 1 258 258 2551 UNKNOWN
2 1 2551 768 2552 AND
2 1 258 1536 2553 AND
2 1 2552 2553 2554 OR
2 1 258 258 2555 UNKNOWN
2 1 2555 769 2556 AND
2 1 258 1537 2557 AND
2 1 2556 2557 2558 OR
2 1 258 258 2559 UNKNOWN
2 1 2559 770 2560 AND
2 1 258 1538 2561 AND
2 1 2560 2561 2562 OR
2 1 1542 1542 2563 AND
2 1 1546 1546 2564 AND
2 1 1550 1550 2565 AND
2 1 1554 1554 2566 AND
2 1 1558 1558 2567 AND
2 1 1562 1562 2568 AND
2 1 1566 1566 2569 AND
2 1 1570 1570 2570 AND
2 1 1574 1574 2571 AND
2 1 1578 1578 2572 AND
2 1 1582 1582 2573 AND
2 1 1586 1586 2574 AND
2 1 1590 1590 2575 AND
2 1 1594 1594 2576 AND
2 1 1598 1598 2577 AND
2 1 1602 1602 2578 AND
2 1 1606 1606 2579 AND
2 1 1610 1610 2580 AND
2 1 1614 1614 2581 AND
2 1 1618 1618 2582 AND
2 1 1622 1622 2583 AND
2 1 1626 1626 2584 AND
2 1 1630 1630 2585 AND
2 1 1634 1634 2586 AND
2 1 1638 1638 2587 AND
2 1 1642 1642 2588 AND
2 1 1646 1646 2589 AND
2 1 1650 1650 2590 AND
2 1 1654 1654 2591 AND
2 1 1658 1658 2592 AND
2 1 1662 1662 2593 AND
2 1 1666 1666 2594 AND
2 1 1670 1670 2595 AND
2 1 1674 1674 2596 AND
2 1 1678 1678 2597 AND
2 1 1682 1682 2598 AND
2 1 1686 1686 2599 AND
2 1 1690 1690 2600 AND
2 1 1694 1694 2601 AND
2 1 1698 1698 2602 AND
2 1 1702 1702 2603 AND
2 1 1706 1706 2604 AND
2 1 1710 1710 2605 AND
2 1 1714 1714 2606 AND
2 1 1718 1718 2607 AND
2 1 1722 1722 2608 AND
2 1 1726 1726 2609 AND
2 1 1730 1730 2610 AND
2 1 1734 1734 2611 AND
2 1 1738 1738 2612 AND
2 1 1742 1742 2613 AND
2 1 1746 1746 2614 AND
2 1 1750 1750 2615 AND
2 1 1754 1754 2616 AND
2 1 1758 1758 2617 AND
2 1 1762 1762 2618 AND
2 1 1766 1766 2619 AND
2 1 1770 1770 2620 AND
2 1 1774 1774 2621 AND
2 1 1778 1778 2622 AND
2 1 1782 1782 2623 AND
2 1 1786 1786 2624 AND
2 1 1790 1790 2625 AND
2 1 1794 1794 2626 AND
2 1 1798 1798 2627 AND
2 1 1802 1802 2628 AND
2 1 1806 1806 2629 AND
2 1 1810 1810 2630 AND
2 1 1814 1814 2631 AND
2 1 1818 1818 2632 AND
2 1 1822 1822 2633 AND
2 1 1826 1826 2634 AND
2 1 1830 1830 2635 AND
2 1 1834 1834 2636 AND
2 1 1838 1838 2637 AND
2 1 1842 1842 2638 AND
2 1 1846 1846 2639 AND
2 1 1850 1850 2640 AND
2 1 1854 1854 2641 AND
2 1 1858 1858 2642 AND
2 1 1862 1862 2643 AND
2 1 1866 1866 2644 AND
2 1 1870 1870 2645 AND
2 1 1874 1874 2646 AND
2 1 1878 1878 2647 AND
2 1 1882 1882 2648 AND
2 1 1886 1886 2649 AND
2 1 1890 1890 2650 AND
2 1 1894 1894 2651 AND
2 1 1898 1898 2652 AND
2 1 1902 1902 2653 AND
2 1 1906 1906 2654 AND
2 1 1910 1910 2655 AND
2 1 1914 1914 2656 AND
2 1 1918 1918 2657 AND
2 1 1922 1922 2658 AND
2 1 1926 1926 2659 AND
2 1 1930 1930 2660 AND
2 1 1934 1934 2661 AND
2 1 1938 1938 2662 AND
2 1 1942 1942 2663 AND
2 1 1946 1946 2664 AND
2 1 1950 1950 2665 AND
2 1 1954 1954 2666 AND
2 1 1958 1958 2667 AND
2 1 1962 1962 2668 AND
2 1 1966 1966 2669 AND
2 1 1970 1970 2670 AND
2 1 1974 1974 2671 AND
2 1 1978 1978 2672 AND
2 1 1982 1982 2673 AND
2 1 1986 1986 2674 AND
2 1 1990 1990 2675 AND
2 1 1994 1994 2676 AND
2 1 1998 1998 2677 AND
2 1 2002 2002 2678 AND
2 1 2006 2006 2679 AND
2 1 2010 2010 2680 AND
2 1 2014 2014 2681 AND
2 1 2018 2018 2682 AND
2 1 2022 2022 2683 AND
2 1 2026 2026 2684 AND
2 1 2030 2030 2685 AND
2 1 2034 2034 2686 AND
2 1 2038 2038 2687 AND
2 1 2042 2042 2688 AND
2 1 2046 2046 2689 AND
2 1 2050 2050 2690 AND
2 1 2054 2054 2691 AND
2 1 2058 2058 2692 AND
2 1 2062 2062 2693 AND
2 1 2066 2066 2694 AND
2 1 2070 2070 2695 AND
2 1 2074 2074 2696 AND
2 1 2078 2078 2697 AND
2 1 2082 2082 2698 AND
2 1 2086 2086 2699 AND
2 1 2090 2090 2700 AND
2 1 2094 2094 2701 AND
2 1 2098 2098 2702 AND
2 1 2102 2102 2703 AND
2 1 2106 2106 2704 AND
2 1 2110 2110 2705 AND
2 1 2114 2114 2706 AND
2 1 2118 2118 2707 AND
2 1 2122 2122 2708 AND
2 1 2126 2126 2709 AND
2 1 2130 2130 2710 AND
2 1 2134 2134 2711 AND
2 1 2138 2138 2712 AND
2 1 2142 2142 2713 AND
2 1 2146 2146 2714 AND
2 1 2150 2150 2715 AND
2 1 2154 2154 2716 AND
2 1 2158 2158 2717 AND
2 1 2162 2162 2718 AND
2 1 2166 2166 2719 AND
2 1 2170 2170 2720 AND
2 1 2174 2174 2721 AND
2 1 2178 2178 2722 AND
2 1 2182 2182 2723 AND
2 1 2186 2186 2724 AND
2 1 2190 2190 2725 AND
2 1 2194 2194 2726 AND
2 1 2198 2198 2727 AND
2 1 2202 2202 2728 AND
2 1 2206 2206 2729 AND
2 1 2210 2210 2730 AND
2 1 2214 2214 2731 AND
2 1 2218 2218 2732 AND
2 1 2222 2222 2733 AND
2 1 2226 2226 2734 AND
2 1 2230 2230 2735 AND
2 1 2234 2234 2736 AND
2 1 2238 2238 2737 AND
2 1 2242 2242 2738 AND
2 1 2246 2246 2739 AND
2 1 2250 2250 2740 AND
2 1 2254 2254 2741 AND
2 1 2258 2258 2742 AND
2 1 2262 2262 2743 AND
2 1 2266 2266 2744 AND
2 1 2270 2270 2745 AND
2 1 2274 2274 2746 AND
2 1 2278 2278 2747 AND
2 1 2282 2282 2748 AND
2 1 2286 2286 2749 AND
2 1 2290 2290 2750 AND
2 1 2294 2294 2751 AND
2 1 2298 2298 2752 AND
2 1 2302 2302 2753 AND
2 1 2306 2306 2754 AND
2 1 2310 2310 2755 AND
2 1 2314 2314 2756 AND
2 1 2318 2318 2757 AND
2 1 2322 2322 2758 AND
2 1 2326 2326 2759 AND
2 1 2330 2330 2760 AND
2 1 2334 2334 2761 AND
2 1 2338 2338 2762 AND
2 1 2342 2342 2763 AND
2 1 2346 2346 2764 AND
2 1 2350 2350 2765 AND
2 1 2354 2354 2766 AND
2 1 2358 2358 2767 AND
2 1 2362 2362 2768 AND
2 1 2366 2366 2769 AND
2 1 2370 2370 2770 AND
2 1 2374 2374 2771 AND
2 1 2378 2378 2772 AND
2 1 2382 2382 2773 AND
2 1 2386 2386 2774 AND
2 1 2390 2390 2775 AND
2 1 2394 2394 2776 AND
2 1 2398 2398 2777 AND
2 1 2402 2402 2778 AND
2 1 2406 2406 2779 AND
2 1 2410 2410 2780 AND
2 1 2414 2414 2781 AND
2 1 2418 2418 2782 AND
2 1 2422 2422 2783 AND
2 1 2426 2426 2784 AND
2 1 2430 2430 2785 AND
2 1 2434 2434 2786 AND
2 1 2438 2438 2787 AND
2 1 2442 2442 2788 AND
2 1 2446 2446 2789 AND
2 1 2450 2450 2790 AND
2 1 2454 2454 2791 AND
2 1 2458 2458 2792 AND
2 1 2462 2462 2793 AND
2 1 2466 2466 2794 AND
2 1 2470 2470 2795 AND
2 1 2474 2474 2796 AND
2 1 2478 2478 2797 AND
2 1 2482 2482 2798 AND
2 1 2486 2486 2799 AND
2 1 2490 2490 2800 AND
2 1 2494 2494 2801 AND
2 1 2498 2498 2802 AND
2 1 2502 2502 2803 AND
2 1 2506 2506 2804 AND
2 1 2510 2510 2805 AND
2 1 2514 2514 2806 AND
2 1 2518 2518 2807 AND
2 1 2522 2522 2808 AND
2 1 2526 2526 2809 AND
2 1 2530 2530 2810 AND
2 1 2534 2534 2811 AND
2 1 2538 2538 2812 AND
2 1 2542 2542 2813 AND
2 1 2546 2546 2814 AND
2 1 2550 2550 2815 AND
2 1 2554 2554 2816 AND
2 1 2558 2558 2817 AND
2 1 2562 2562 2818 AND
