63 127 376 0101
62 126 375 0101
61 125 374 0101
60 124 373 0101
59 123 372 0101
58 122 371 0101
57 121 370 0101
56 120 369 0101
55 119 368 0101
54 118 367 0101
53 117 366 0101
52 116 365 0101
51 115 364 0101
50 114 363 0101
49 113 362 0101
48 112 361 0101
47 111 360 0101
46 110 359 0101
45 109 358 0101
44 108 357 0101
43 107 356 0101
42 106 355 0101
41 105 354 0101
40 104 353 0101
39 103 352 0101
38 102 351 0101
37 101 350 0101
36 100 349 0101
35 99 348 0101
34 98 347 0101
33 97 346 0101
32 96 345 0101
31 95 344 0101
30 94 343 0101
29 93 342 0101
28 92 341 0101
27 91 340 0101
26 90 339 0101
25 89 338 0101
24 88 337 0101
23 87 336 0101
22 86 335 0101
21 85 334 0101
20 84 333 0101
19 83 332 0101
18 82 331 0101
17 81 330 0101
16 80 329 0101
15 79 328 0101
14 78 327 0101
13 77 326 0101
12 76 325 0101
11 75 324 0101
10 74 323 0101
9 73 322 0101
8 72 321 0101
7 71 320 0101
6 70 319 0101
5 69 318 1010
4 68 317 0101
3 67 316 1010
2 66 315 0101
1 65 314 1010
0 64 440 0101
0 64 377 0110
65 377 129 0011
1 377 128 0110
128 129 130 0101
130 377 378 0011
66 378 132 0110
2 378 131 0101
131 132 133 0001
133 378 379 0110
67 379 135 0110
3 379 134 1010
134 135 136 0001
136 379 380 0110
68 380 138 0110
4 380 137 0101
137 138 139 0001
139 380 381 0110
69 381 141 0110
5 381 140 1010
140 141 142 0001
142 381 382 0110
70 382 144 0110
6 382 143 0101
143 144 145 0001
145 382 383 0110
71 383 147 0110
7 383 146 0101
146 147 148 0001
148 383 384 0110
72 384 150 0110
8 384 149 0101
149 150 151 0001
151 384 385 0110
73 385 153 0110
9 385 152 0101
152 153 154 0001
154 385 386 0110
74 386 156 0110
10 386 155 0101
155 156 157 0001
157 386 387 0110
75 387 159 0110
11 387 158 0101
158 159 160 0001
160 387 388 0110
76 388 162 0110
12 388 161 0101
161 162 163 0001
163 388 389 0110
77 389 165 0110
13 389 164 0101
164 165 166 0001
166 389 390 0110
78 390 168 0110
14 390 167 0101
167 168 169 0001
169 390 391 0110
79 391 171 0110
15 391 170 0101
170 171 172 0001
172 391 392 0110
80 392 174 0110
16 392 173 0101
173 174 175 0001
175 392 393 0110
81 393 177 0110
17 393 176 0101
176 177 178 0001
178 393 394 0110
82 394 180 0110
18 394 179 0101
179 180 181 0001
181 394 395 0110
83 395 183 0110
19 395 182 0101
182 183 184 0001
184 395 396 0110
84 396 186 0110
20 396 185 0101
185 186 187 0001
187 396 397 0110
85 397 189 0110
21 397 188 0101
188 189 190 0001
190 397 398 0110
86 398 192 0110
22 398 191 0101
191 192 193 0001
193 398 399 0110
87 399 195 0110
23 399 194 0101
194 195 196 0001
196 399 400 0110
88 400 198 0110
24 400 197 0101
197 198 199 0001
199 400 401 0110
89 401 201 0110
25 401 200 0101
200 201 202 0001
202 401 402 0110
90 402 204 0110
26 402 203 0101
203 204 205 0001
205 402 403 0110
91 403 207 0110
27 403 206 0101
206 207 208 0001
208 403 404 0110
341 404 468 0110
92 404 210 0110
28 404 209 0101
209 210 211 0001
211 404 405 0110
342 405 469 0110
340 403 467 0110
93 405 213 0110
29 405 212 0101
212 213 214 0001
214 405 406 0110
343 406 470 0110
339 402 466 0110
94 406 216 0110
30 406 215 0101
215 216 217 0001
217 406 407 0110
338 401 465 0110
31 407 218 0101
344 407 471 0110
337 400 464 0110
95 407 219 0110
218 219 220 0001
220 407 408 0110
345 408 472 0110
336 399 463 0110
96 408 222 0110
32 408 221 0101
221 222 223 0001
223 408 409 0110
346 409 473 0110
335 398 462 0110
97 409 225 0110
33 409 224 0101
224 225 226 0001
226 409 410 0110
347 410 474 0110
334 397 461 0110
98 410 228 0110
34 410 227 0101
227 228 229 0001
229 410 411 0110
333 396 460 0110
35 411 230 0101
348 411 475 0110
332 395 459 0110
99 411 231 0110
230 231 232 0001
232 411 412 0110
349 412 476 0110
331 394 458 0110
100 412 234 0110
36 412 233 0101
233 234 235 0001
235 412 413 0110
350 413 477 0110
330 393 457 0110
101 413 237 0110
37 413 236 0101
236 237 238 0001
238 413 414 0110
351 414 478 0110
329 392 456 0110
102 414 240 0110
38 414 239 0101
239 240 241 0001
241 414 415 0110
328 391 455 0110
39 415 242 0101
352 415 479 0110
327 390 454 0110
103 415 243 0110
242 243 244 0001
244 415 416 0110
353 416 480 0110
326 389 453 0110
104 416 246 0110
40 416 245 0101
245 246 247 0001
247 416 417 0110
354 417 481 0110
325 388 452 0110
105 417 249 0110
41 417 248 0101
248 249 250 0001
250 417 418 0110
355 418 482 0110
324 387 451 0110
106 418 252 0110
42 418 251 0101
251 252 253 0001
253 418 419 0110
323 386 450 0110
43 419 254 0101
356 419 483 0110
322 385 449 0110
107 419 255 0110
254 255 256 0001
256 419 420 0110
357 420 484 0110
321 384 448 0110
108 420 258 0110
44 420 257 0101
257 258 259 0001
259 420 421 0110
358 421 485 0110
320 383 447 0110
109 421 261 0110
45 421 260 0101
260 261 262 0001
262 421 422 0110
359 422 486 0110
319 382 446 0110
110 422 264 0110
46 422 263 0101
263 264 265 0001
265 422 423 0110
318 381 445 0110
47 423 266 0101
360 423 487 0110
317 380 444 0110
111 423 267 0110
266 267 268 0001
268 423 424 0110
361 424 488 0110
316 379 443 0110
112 424 270 0110
48 424 269 0101
269 270 271 0001
271 424 425 0110
362 425 489 0110
315 378 442 0110
113 425 273 0110
49 425 272 0101
272 273 274 0001
274 425 426 0110
363 426 490 0110
314 377 441 0011
114 426 276 0110
50 426 275 0101
275 276 277 0001
277 426 427 0110
115 427 279 0110
51 427 278 0101
278 279 280 0001
280 427 428 0110
116 428 282 0110
52 428 281 0101
281 282 283 0001
283 428 429 0110
117 429 285 0110
53 429 284 0101
284 285 286 0001
286 429 430 0110
118 430 288 0110
54 430 287 0101
287 288 289 0001
289 430 431 0110
119 431 291 0110
55 431 290 0101
290 291 292 0001
292 431 432 0110
120 432 294 0110
56 432 293 0101
293 294 295 0001
295 432 433 0110
370 433 497 0110
121 433 297 0110
57 433 296 0101
296 297 298 0001
298 433 434 0110
371 434 498 0110
369 432 496 0110
122 434 300 0110
58 434 299 0101
299 300 301 0001
301 434 435 0110
372 435 499 0110
368 431 495 0110
123 435 303 0110
59 435 302 0101
302 303 304 0001
304 435 436 0110
367 430 494 0110
60 436 305 0101
373 436 500 0110
366 429 493 0110
124 436 306 0110
305 306 307 0001
307 436 437 0110
374 437 501 0110
365 428 492 0110
125 437 309 0110
61 437 308 0101
308 309 310 0001
310 437 438 0110
375 438 502 0110
364 427 491 0110
126 438 312 0110
62 438 311 0101
311 312 313 0001
313 438 439 0110
376 439 503 0110
