0 8 16 1010
0 8 17 1001
1 9 18 1010
18 17 19 0011
1 9 20 0101
17 18 21 1000
20 21 22 1100
2 10 23 1010
23 22 24 1001
2 10 25 0110
22 23 26 0111
25 26 27 0101
3 11 28 0101
28 27 29 0110
3 11 30 1010
27 28 31 1000
30 31 32 1101
4 12 33 0101
33 32 34 0110
4 12 35 0110
32 33 36 1110
35 36 37 0101
5 13 38 1010
38 37 39 1001
5 13 40 1010
37 38 41 0100
40 41 42 1101
6 14 43 1010
43 42 44 0110
6 14 45 0110
42 43 46 0010
45 46 47 1010
7 15 48 1010
48 47 49 1001
7 15 50 1001
47 48 51 0001
50 51 52 0010
16 16 53 1000
19 19 54 0001
24 24 55 1000
29 29 56 0001
34 34 57 0001
39 39 58 0001
44 44 59 1000
49 49 60 1000
