63 127 376 0101
62 126 375 0101
61 125 374 0101
60 124 373 0101
59 123 372 0101
58 122 371 1010
57 121 370 1010
56 120 369 0101
55 119 368 1010
54 118 367 1010
53 117 366 1010
52 116 365 0101
51 115 364 1010
50 114 363 0101
49 113 362 0101
48 112 361 0101
47 111 360 0101
46 110 359 0101
45 109 358 0101
44 108 357 1010
43 107 356 1010
42 106 355 1010
41 105 354 0101
40 104 353 1010
39 103 352 0101
38 102 351 1010
37 101 350 1010
36 100 349 0101
35 99 348 1010
34 98 347 0101
33 97 346 0101
32 96 345 1010
31 95 344 1010
30 94 343 1010
29 93 342 0101
28 92 341 1010
27 91 340 1010
26 90 339 0101
25 89 338 1010
24 88 337 1010
23 87 336 0101
22 86 335 1010
21 85 334 1010
20 84 333 0101
19 83 332 1010
18 82 331 1010
17 81 330 0101
16 80 329 1010
15 79 328 1010
14 78 327 0101
13 77 326 1010
12 76 325 0101
11 75 324 0101
10 74 323 0101
9 73 322 0101
8 72 321 1010
7 71 320 0101
6 70 319 0101
5 69 318 0101
4 68 317 0101
3 67 316 1010
2 66 315 1010
1 65 314 0101
0 64 440 0101
0 64 377 0110
65 377 129 0011
1 377 128 0110
128 129 130 0101
130 377 378 1100
66 378 132 1001
2 378 131 1010
131 132 133 0001
133 378 379 1001
67 379 135 1001
3 379 134 1010
134 135 136 0010
136 379 380 0110
68 380 138 1001
4 380 137 0101
137 138 139 1101
139 380 381 1001
69 381 141 1001
5 381 140 0101
140 141 142 0111
142 381 382 1001
70 382 144 1001
6 382 143 1010
143 144 145 1000
145 382 383 0110
71 383 147 1001
7 383 146 1010
146 147 148 0111
148 383 384 1001
72 384 150 1001
8 384 149 0101
149 150 151 0010
151 384 385 0110
73 385 153 0110
9 385 152 0101
152 153 154 0001
154 385 386 0110
74 386 156 1001
10 386 155 0101
155 156 157 0010
157 386 387 0110
75 387 159 0110
11 387 158 1010
158 159 160 1011
160 387 388 0110
76 388 162 1001
12 388 161 1010
161 162 163 1110
163 388 389 1001
77 389 165 1001
13 389 164 0101
164 165 166 1011
166 389 390 1001
78 390 168 0110
14 390 167 1010
167 168 169 1101
169 390 391 0110
79 391 171 0110
15 391 170 0101
170 171 172 0001
172 391 392 0110
80 392 174 0110
16 392 173 0101
173 174 175 0001
175 392 393 0110
81 393 177 1001
17 393 176 1010
176 177 178 1000
178 393 394 1001
82 394 180 0110
18 394 179 0101
179 180 181 1000
181 394 395 1001
83 395 183 0110
19 395 182 0101
182 183 184 0001
184 395 396 1001
84 396 186 0110
20 396 185 0101
185 186 187 0111
187 396 397 0110
85 397 189 1001
21 397 188 0101
188 189 190 1101
190 397 398 1001
86 398 192 0110
22 398 191 0101
191 192 193 0001
193 398 399 1001
87 399 195 0110
23 399 194 1010
194 195 196 0010
196 399 400 0110
88 400 198 1001
24 400 197 0101
197 198 199 1011
199 400 401 1001
89 401 201 1001
25 401 200 0101
200 201 202 0100
202 401 402 0110
90 402 204 0110
26 402 203 1010
203 204 205 1101
205 402 403 0110
91 403 207 1001
27 403 206 0101
206 207 208 0010
208 403 404 1001
341 404 468 0110
92 404 210 1001
28 404 209 1010
209 210 211 0001
211 404 405 0110
342 405 469 1001
340 403 467 1001
93 405 213 1001
29 405 212 1010
212 213 214 0001
214 405 406 0110
343 406 470 0110
339 402 466 1001
94 406 216 1001
30 406 215 1010
215 216 217 1110
217 406 407 0110
338 401 465 0110
31 407 218 1010
344 407 471 1001
337 400 464 0110
95 407 219 0110
218 219 220 1011
220 407 408 0110
345 408 472 0110
336 399 463 1001
96 408 222 0110
32 408 221 0101
221 222 223 0111
223 408 409 1001
346 409 473 1001
335 398 462 1001
97 409 225 0110
33 409 224 1010
224 225 226 1101
226 409 410 1001
347 410 474 1001
334 397 461 1001
98 410 228 0110
34 410 227 0101
227 228 229 0111
229 410 411 0110
333 396 460 1001
35 411 230 0101
348 411 475 1001
332 395 459 1001
99 411 231 1001
230 231 232 1101
232 411 412 1001
349 412 476 0110
331 394 458 0110
100 412 234 1001
36 412 233 1010
233 234 235 1000
235 412 413 1001
350 413 477 0110
330 393 457 0110
101 413 237 0110
37 413 236 1010
236 237 238 0010
238 413 414 1001
351 414 478 1001
329 392 456 1001
102 414 240 0110
38 414 239 0101
239 240 241 1110
241 414 415 0110
328 391 455 1001
39 415 242 1010
352 415 479 1001
327 390 454 1001
103 415 243 0110
242 243 244 1101
244 415 416 0110
353 416 480 1001
326 389 453 0110
104 416 246 0110
40 416 245 1010
245 246 247 1011
247 416 417 1001
354 417 481 0110
325 388 452 1001
105 417 249 1001
41 417 248 0101
248 249 250 0010
250 417 418 0110
355 418 482 1001
324 387 451 0110
106 418 252 1001
42 418 251 0101
251 252 253 1101
253 418 419 0110
323 386 450 0110
43 419 254 0101
356 419 483 0110
322 385 449 0110
107 419 255 0110
254 255 256 1000
256 419 420 1001
357 420 484 1001
321 384 448 1001
108 420 258 0110
44 420 257 1010
257 258 259 0100
259 420 421 1001
358 421 485 1001
320 383 447 0110
109 421 261 0110
45 421 260 1010
260 261 262 1101
262 421 422 1001
359 422 486 1001
319 382 446 0110
110 422 264 1001
46 422 263 0101
263 264 265 0100
265 422 423 1001
318 381 445 1001
47 423 266 1010
360 423 487 0110
317 380 444 0110
111 423 267 0110
266 267 268 1011
268 423 424 1001
361 424 488 0110
316 379 443 0110
112 424 270 0110
48 424 269 1010
269 270 271 1011
271 424 425 1001
362 425 489 0110
315 378 442 0110
113 425 273 0110
49 425 272 0101
272 273 274 1110
274 425 426 1001
363 426 490 0110
314 377 441 1100
114 426 276 1001
50 426 275 0101
275 276 277 0010
277 426 427 0110
115 427 279 1001
51 427 278 1010
278 279 280 0111
280 427 428 1001
116 428 282 1001
52 428 281 1010
281 282 283 1000
283 428 429 1001
117 429 285 1001
53 429 284 0101
284 285 286 0100
286 429 430 0110
118 430 288 1001
54 430 287 0101
287 288 289 0100
289 430 431 0110
119 431 291 0110
55 431 290 1010
290 291 292 1101
292 431 432 1001
120 432 294 1001
56 432 293 1010
293 294 295 0001
295 432 433 1001
370 433 497 1001
121 433 297 1001
57 433 296 1010
296 297 298 1000
298 433 434 0110
371 434 498 1001
369 432 496 1001
122 434 300 1001
58 434 299 1010
299 300 301 1000
301 434 435 0110
372 435 499 0110
368 431 495 0110
123 435 303 1001
59 435 302 1010
302 303 304 0111
304 435 436 1001
367 430 494 0110
60 436 305 0101
373 436 500 0110
366 429 493 0110
124 436 306 0110
305 306 307 1110
307 436 437 1001
374 437 501 0110
365 428 492 0110
125 437 309 1001
61 437 308 1010
308 309 310 0111
310 437 438 1001
375 438 502 0110
364 427 491 1001
126 438 312 0110
62 438 311 0101
311 312 313 0001
313 438 439 1001
376 439 503 1001
