46 71
2 8 8
1 9

2 1 0 8 25 XOR
2 1 0 8 26 AND
2 1 1 9 27 XOR
2 1 27 26 28 XOR
2 1 1 9 29 AND
2 1 26 27 30 AND
2 1 29 30 31 OR
2 1 2 10 32 XOR
2 1 32 31 33 XOR
2 1 2 10 34 AND
2 1 31 32 35 AND
2 1 34 35 36 OR
2 1 3 11 37 XOR
2 1 37 36 38 XOR
2 1 3 11 39 AND
2 1 36 37 40 AND
2 1 39 40 41 OR
2 1 4 12 42 XOR
2 1 42 41 43 XOR
2 1 4 12 44 AND
2 1 41 42 45 AND
2 1 44 45 46 OR
2 1 5 13 47 XOR
2 1 47 46 48 XOR
2 1 5 13 49 AND
2 1 46 47 50 AND
2 1 49 50 51 OR
2 1 6 14 52 XOR
2 1 52 51 53 XOR
2 1 6 14 54 AND
2 1 51 52 55 AND
2 1 54 55 56 OR
2 1 7 15 57 XOR
2 1 57 56 58 XOR
2 1 7 15 59 AND
2 1 56 57 60 AND
2 1 59 60 61 OR
2 1 25 25 62 AND
2 1 28 28 63 AND
2 1 33 33 64 AND
2 1 38 38 65 AND
2 1 43 43 66 AND
2 1 48 48 67 AND
2 1 53 53 68 AND
2 1 58 58 69 AND
2 1 61 61 70 AND
