0 9 25 0110
1 10 26 0110
2 11 27 0110
3 12 28 0110
4 13 29 0110
5 14 30 0110
6 15 31 0110
7 16 32 0110
8 8 33 1110
33 17 34 0001
8 25 35 0001
34 35 36 0111
8 8 37 1110
37 18 38 0001
8 26 39 0001
38 39 40 0111
8 8 41 1110
41 19 42 0001
8 27 43 0001
42 43 44 0111
8 8 45 1110
45 20 46 0001
8 28 47 0001
46 47 48 0111
8 8 49 1110
49 21 50 0001
8 29 51 0001
50 51 52 0111
8 8 53 1110
53 22 54 0001
8 30 55 0001
54 55 56 0111
8 8 57 1110
57 23 58 0001
8 31 59 0001
58 59 60 0111
8 8 61 1110
61 24 62 0001
8 32 63 0001
62 63 64 0111
36 36 65 0001
40 40 66 0001
44 44 67 0001
48 48 68 0001
52 52 69 0001
56 56 70 0001
60 60 71 0001
64 64 72 0001
