3 3 772 0001
4 4 773 0001
5 5 774 0001
6 6 775 0001
7 7 776 0001
8 8 777 0001
9 9 778 0001
10 10 779 0001
11 11 780 0001
12 12 781 0001
13 13 782 0001
14 14 783 0001
15 15 784 0001
16 16 785 0001
17 17 786 0001
18 18 787 0001
19 19 788 0001
20 20 789 0001
21 21 790 0001
22 22 791 0001
23 23 792 0001
24 24 793 0001
25 25 794 0001
26 26 795 0001
27 27 796 0001
28 28 797 0001
29 29 798 0001
30 30 799 0001
31 31 800 0001
32 32 801 0001
33 33 802 0001
34 34 803 0001
35 35 804 0001
36 36 805 0001
37 37 806 0001
38 38 807 0001
39 39 808 0001
40 40 809 0001
41 41 810 0001
42 42 811 0001
43 43 812 0001
44 44 813 0001
45 45 814 0001
46 46 815 0001
47 47 816 0001
48 48 817 0001
49 49 818 0001
50 50 819 0001
51 51 820 0001
52 52 821 0001
53 53 822 0001
54 54 823 0001
55 55 824 0001
56 56 825 0001
57 57 826 0001
58 58 827 0001
59 59 828 0001
60 60 829 0001
61 61 830 0001
62 62 831 0001
63 63 832 0001
64 64 833 0001
65 65 834 0001
66 66 835 0001
67 67 836 0001
68 68 837 0001
69 69 838 0001
70 70 839 0001
71 71 840 0001
72 72 841 0001
73 73 842 0001
74 74 843 0001
75 75 844 0001
76 76 845 0001
77 77 846 0001
78 78 847 0001
79 79 848 0001
80 80 849 0001
81 81 850 0001
82 82 851 0001
83 83 852 0001
84 84 853 0001
85 85 854 0001
86 86 855 0001
87 87 856 0001
88 88 857 0001
89 89 858 0001
90 90 859 0001
91 91 860 0001
92 92 861 0001
93 93 862 0001
94 94 863 0001
95 95 864 0001
96 96 865 0001
97 97 866 0001
98 98 867 0001
99 99 868 0001
100 100 869 0001
101 101 870 0001
102 102 871 0001
103 103 872 0001
104 104 873 0001
105 105 874 0001
106 106 875 0001
107 107 876 0001
108 108 877 0001
109 109 878 0001
110 110 879 0001
111 111 880 0001
112 112 881 0001
113 113 882 0001
114 114 883 0001
115 115 884 0001
116 116 885 0001
117 117 886 0001
118 118 887 0001
119 119 888 0001
120 120 889 0001
121 121 890 0001
122 122 891 0001
123 123 892 0001
124 124 893 0001
125 125 894 0001
126 126 895 0001
127 127 896 0001
128 128 897 0001
129 129 898 0001
130 130 899 0001
131 131 900 0001
132 132 901 0001
133 133 902 0001
134 134 903 0001
135 135 904 0001
136 136 905 0001
137 137 906 0001
138 138 907 0001
139 139 908 0001
140 140 909 0001
141 141 910 0001
142 142 911 0001
143 143 912 0001
144 144 913 0001
145 145 914 0001
146 146 915 0001
147 147 916 0001
148 148 917 0001
149 149 918 0001
150 150 919 0001
151 151 920 0001
152 152 921 0001
153 153 922 0001
154 154 923 0001
155 155 924 0001
156 156 925 0001
157 157 926 0001
158 158 927 0001
159 159 928 0001
160 160 929 0001
161 161 930 0001
162 162 931 0001
163 163 932 0001
164 164 933 0001
165 165 934 0001
166 166 935 0001
167 167 936 0001
168 168 937 0001
169 169 938 0001
170 170 939 0001
171 171 940 0001
172 172 941 0001
173 173 942 0001
174 174 943 0001
175 175 944 0001
176 176 945 0001
177 177 946 0001
178 178 947 0001
179 179 948 0001
180 180 949 0001
181 181 950 0001
182 182 951 0001
183 183 952 0001
184 184 953 0001
185 185 954 0001
186 186 955 0001
187 187 956 0001
188 188 957 0001
189 189 958 0001
190 190 959 0001
191 191 960 0001
192 192 961 0001
193 193 962 0001
194 194 963 0001
195 195 964 0001
196 196 965 0001
197 197 966 0001
198 198 967 0001
199 199 968 0001
200 200 969 0001
201 201 970 0001
202 202 971 0001
203 203 972 0001
204 204 973 0001
205 205 974 0001
206 206 975 0001
207 207 976 0001
208 208 977 0001
209 209 978 0001
210 210 979 0001
211 211 980 0001
212 212 981 0001
213 213 982 0001
214 214 983 0001
215 215 984 0001
216 216 985 0001
217 217 986 0001
218 218 987 0001
219 219 988 0001
220 220 989 0001
221 221 990 0001
222 222 991 0001
223 223 992 0001
224 224 993 0001
225 225 994 0001
226 226 995 0001
227 227 996 0001
228 228 997 0001
229 229 998 0001
230 230 999 0001
231 231 1000 0001
232 232 1001 0001
233 233 1002 0001
234 234 1003 0001
235 235 1004 0001
236 236 1005 0001
237 237 1006 0001
238 238 1007 0001
239 239 1008 0001
240 240 1009 0001
241 241 1010 0001
242 242 1011 0001
243 243 1012 0001
244 244 1013 0001
245 245 1014 0001
246 246 1015 0001
247 247 1016 0001
248 248 1017 0001
249 249 1018 0001
250 250 1019 0001
251 251 1020 0001
252 252 1021 0001
253 253 1022 0001
254 254 1023 0001
255 255 1024 0001
256 256 1025 0001
257 257 1026 0001
258 258 1027 0001
772 772 1028 0001
773 773 1029 0001
774 774 1030 0001
775 775 1031 0001
776 776 1032 0001
777 777 1033 0001
778 778 1034 0001
779 779 1035 0001
780 780 1036 0001
781 781 1037 0001
782 782 1038 0001
783 783 1039 0001
784 784 1040 0001
785 785 1041 0001
786 786 1042 0001
787 787 1043 0001
788 788 1044 0001
789 789 1045 0001
790 790 1046 0001
791 791 1047 0001
792 792 1048 0001
793 793 1049 0001
794 794 1050 0001
795 795 1051 0001
796 796 1052 0001
797 797 1053 0001
798 798 1054 0001
799 799 1055 0001
800 800 1056 0001
801 801 1057 0001
802 802 1058 0001
803 803 1059 0001
804 804 1060 0001
805 805 1061 0001
806 806 1062 0001
807 807 1063 0001
808 808 1064 0001
809 809 1065 0001
810 810 1066 0001
811 811 1067 0001
812 812 1068 0001
813 813 1069 0001
814 814 1070 0001
815 815 1071 0001
816 816 1072 0001
817 817 1073 0001
818 818 1074 0001
819 819 1075 0001
820 820 1076 0001
821 821 1077 0001
822 822 1078 0001
823 823 1079 0001
824 824 1080 0001
825 825 1081 0001
826 826 1082 0001
827 827 1083 0001
828 828 1084 0001
829 829 1085 0001
830 830 1086 0001
831 831 1087 0001
832 832 1088 0001
833 833 1089 0001
834 834 1090 0001
835 835 1091 0001
836 836 1092 0001
837 837 1093 0001
838 838 1094 0001
839 839 1095 0001
840 840 1096 0001
841 841 1097 0001
842 842 1098 0001
843 843 1099 0001
844 844 1100 0001
845 845 1101 0001
846 846 1102 0001
847 847 1103 0001
848 848 1104 0001
849 849 1105 0001
850 850 1106 0001
851 851 1107 0001
852 852 1108 0001
853 853 1109 0001
854 854 1110 0001
855 855 1111 0001
856 856 1112 0001
857 857 1113 0001
858 858 1114 0001
859 859 1115 0001
860 860 1116 0001
861 861 1117 0001
862 862 1118 0001
863 863 1119 0001
864 864 1120 0001
865 865 1121 0001
866 866 1122 0001
867 867 1123 0001
868 868 1124 0001
869 869 1125 0001
870 870 1126 0001
871 871 1127 0001
872 872 1128 0001
873 873 1129 0001
874 874 1130 0001
875 875 1131 0001
876 876 1132 0001
877 877 1133 0001
878 878 1134 0001
879 879 1135 0001
880 880 1136 0001
881 881 1137 0001
882 882 1138 0001
883 883 1139 0001
884 884 1140 0001
885 885 1141 0001
886 886 1142 0001
887 887 1143 0001
888 888 1144 0001
889 889 1145 0001
890 890 1146 0001
891 891 1147 0001
892 892 1148 0001
893 893 1149 0001
894 894 1150 0001
895 895 1151 0001
896 896 1152 0001
897 897 1153 0001
898 898 1154 0001
899 899 1155 0001
900 900 1156 0001
901 901 1157 0001
902 902 1158 0001
903 903 1159 0001
904 904 1160 0001
905 905 1161 0001
906 906 1162 0001
907 907 1163 0001
908 908 1164 0001
909 909 1165 0001
910 910 1166 0001
911 911 1167 0001
912 912 1168 0001
913 913 1169 0001
914 914 1170 0001
915 915 1171 0001
916 916 1172 0001
917 917 1173 0001
918 918 1174 0001
919 919 1175 0001
920 920 1176 0001
921 921 1177 0001
922 922 1178 0001
923 923 1179 0001
924 924 1180 0001
925 925 1181 0001
926 926 1182 0001
927 927 1183 0001
928 928 1184 0001
929 929 1185 0001
930 930 1186 0001
931 931 1187 0001
932 932 1188 0001
933 933 1189 0001
934 934 1190 0001
935 935 1191 0001
936 936 1192 0001
937 937 1193 0001
938 938 1194 0001
939 939 1195 0001
940 940 1196 0001
941 941 1197 0001
942 942 1198 0001
943 943 1199 0001
944 944 1200 0001
945 945 1201 0001
946 946 1202 0001
947 947 1203 0001
948 948 1204 0001
949 949 1205 0001
950 950 1206 0001
951 951 1207 0001
952 952 1208 0001
953 953 1209 0001
954 954 1210 0001
955 955 1211 0001
956 956 1212 0001
957 957 1213 0001
958 958 1214 0001
959 959 1215 0001
960 960 1216 0001
961 961 1217 0001
962 962 1218 0001
963 963 1219 0001
964 964 1220 0001
965 965 1221 0001
966 966 1222 0001
967 967 1223 0001
968 968 1224 0001
969 969 1225 0001
970 970 1226 0001
971 971 1227 0001
972 972 1228 0001
973 973 1229 0001
974 974 1230 0001
975 975 1231 0001
976 976 1232 0001
977 977 1233 0001
978 978 1234 0001
979 979 1235 0001
980 980 1236 0001
981 981 1237 0001
982 982 1238 0001
983 983 1239 0001
984 984 1240 0001
985 985 1241 0001
986 986 1242 0001
987 987 1243 0001
988 988 1244 0001
989 989 1245 0001
990 990 1246 0001
991 991 1247 0001
992 992 1248 0001
993 993 1249 0001
994 994 1250 0001
995 995 1251 0001
996 996 1252 0001
997 997 1253 0001
998 998 1254 0001
999 999 1255 0001
1000 1000 1256 0001
1001 1001 1257 0001
1002 1002 1258 0001
1003 1003 1259 0001
1004 1004 1260 0001
1005 1005 1261 0001
1006 1006 1262 0001
1007 1007 1263 0001
1008 1008 1264 0001
1009 1009 1265 0001
1010 1010 1266 0001
1011 1011 1267 0001
1012 1012 1268 0001
1013 1013 1269 0001
1014 1014 1270 0001
1015 1015 1271 0001
1016 1016 1272 0001
1017 1017 1273 0001
1018 1018 1274 0001
1019 1019 1275 0001
1020 1020 1276 0001
1021 1021 1277 0001
1022 1022 1278 0001
1023 1023 1279 0001
1024 1024 1280 0001
1025 1025 1281 0001
1026 1026 1282 0001
1027 1027 1283 0001
1028 1028 1284 0001
1029 1029 1285 0001
1030 1030 1286 0001
1031 1031 1287 0001
1032 1032 1288 0001
1033 1033 1289 0001
1034 1034 1290 0001
1035 1035 1291 0001
1036 1036 1292 0001
1037 1037 1293 0001
1038 1038 1294 0001
1039 1039 1295 0001
1040 1040 1296 0001
1041 1041 1297 0001
1042 1042 1298 0001
1043 1043 1299 0001
1044 1044 1300 0001
1045 1045 1301 0001
1046 1046 1302 0001
1047 1047 1303 0001
1048 1048 1304 0001
1049 1049 1305 0001
1050 1050 1306 0001
1051 1051 1307 0001
1052 1052 1308 0001
1053 1053 1309 0001
1054 1054 1310 0001
1055 1055 1311 0001
1056 1056 1312 0001
1057 1057 1313 0001
1058 1058 1314 0001
1059 1059 1315 0001
1060 1060 1316 0001
1061 1061 1317 0001
1062 1062 1318 0001
1063 1063 1319 0001
1064 1064 1320 0001
1065 1065 1321 0001
1066 1066 1322 0001
1067 1067 1323 0001
1068 1068 1324 0001
1069 1069 1325 0001
1070 1070 1326 0001
1071 1071 1327 0001
1072 1072 1328 0001
1073 1073 1329 0001
1074 1074 1330 0001
1075 1075 1331 0001
1076 1076 1332 0001
1077 1077 1333 0001
1078 1078 1334 0001
1079 1079 1335 0001
1080 1080 1336 0001
1081 1081 1337 0001
1082 1082 1338 0001
1083 1083 1339 0001
1084 1084 1340 0001
1085 1085 1341 0001
1086 1086 1342 0001
1087 1087 1343 0001
1088 1088 1344 0001
1089 1089 1345 0001
1090 1090 1346 0001
1091 1091 1347 0001
1092 1092 1348 0001
1093 1093 1349 0001
1094 1094 1350 0001
1095 1095 1351 0001
1096 1096 1352 0001
1097 1097 1353 0001
1098 1098 1354 0001
1099 1099 1355 0001
1100 1100 1356 0001
1101 1101 1357 0001
1102 1102 1358 0001
1103 1103 1359 0001
1104 1104 1360 0001
1105 1105 1361 0001
1106 1106 1362 0001
1107 1107 1363 0001
1108 1108 1364 0001
1109 1109 1365 0001
1110 1110 1366 0001
1111 1111 1367 0001
1112 1112 1368 0001
1113 1113 1369 0001
1114 1114 1370 0001
1115 1115 1371 0001
1116 1116 1372 0001
1117 1117 1373 0001
1118 1118 1374 0001
1119 1119 1375 0001
1120 1120 1376 0001
1121 1121 1377 0001
1122 1122 1378 0001
1123 1123 1379 0001
1124 1124 1380 0001
1125 1125 1381 0001
1126 1126 1382 0001
1127 1127 1383 0001
1128 1128 1384 0001
1129 1129 1385 0001
1130 1130 1386 0001
1131 1131 1387 0001
1132 1132 1388 0001
1133 1133 1389 0001
1134 1134 1390 0001
1135 1135 1391 0001
1136 1136 1392 0001
1137 1137 1393 0001
1138 1138 1394 0001
1139 1139 1395 0001
1140 1140 1396 0001
1141 1141 1397 0001
1142 1142 1398 0001
1143 1143 1399 0001
1144 1144 1400 0001
1145 1145 1401 0001
1146 1146 1402 0001
1147 1147 1403 0001
1148 1148 1404 0001
1149 1149 1405 0001
1150 1150 1406 0001
1151 1151 1407 0001
1152 1152 1408 0001
1153 1153 1409 0001
1154 1154 1410 0001
1155 1155 1411 0001
1156 1156 1412 0001
1157 1157 1413 0001
1158 1158 1414 0001
1159 1159 1415 0001
1160 1160 1416 0001
1161 1161 1417 0001
1162 1162 1418 0001
1163 1163 1419 0001
1164 1164 1420 0001
1165 1165 1421 0001
1166 1166 1422 0001
1167 1167 1423 0001
1168 1168 1424 0001
1169 1169 1425 0001
1170 1170 1426 0001
1171 1171 1427 0001
1172 1172 1428 0001
1173 1173 1429 0001
1174 1174 1430 0001
1175 1175 1431 0001
1176 1176 1432 0001
1177 1177 1433 0001
1178 1178 1434 0001
1179 1179 1435 0001
1180 1180 1436 0001
1181 1181 1437 0001
1182 1182 1438 0001
1183 1183 1439 0001
1184 1184 1440 0001
1185 1185 1441 0001
1186 1186 1442 0001
1187 1187 1443 0001
1188 1188 1444 0001
1189 1189 1445 0001
1190 1190 1446 0001
1191 1191 1447 0001
1192 1192 1448 0001
1193 1193 1449 0001
1194 1194 1450 0001
1195 1195 1451 0001
1196 1196 1452 0001
1197 1197 1453 0001
1198 1198 1454 0001
1199 1199 1455 0001
1200 1200 1456 0001
1201 1201 1457 0001
1202 1202 1458 0001
1203 1203 1459 0001
1204 1204 1460 0001
1205 1205 1461 0001
1206 1206 1462 0001
1207 1207 1463 0001
1208 1208 1464 0001
1209 1209 1465 0001
1210 1210 1466 0001
1211 1211 1467 0001
1212 1212 1468 0001
1213 1213 1469 0001
1214 1214 1470 0001
1215 1215 1471 0001
1216 1216 1472 0001
1217 1217 1473 0001
1218 1218 1474 0001
1219 1219 1475 0001
1220 1220 1476 0001
1221 1221 1477 0001
1222 1222 1478 0001
1223 1223 1479 0001
1224 1224 1480 0001
1225 1225 1481 0001
1226 1226 1482 0001
1227 1227 1483 0001
1228 1228 1484 0001
1229 1229 1485 0001
1230 1230 1486 0001
1231 1231 1487 0001
1232 1232 1488 0001
1233 1233 1489 0001
1234 1234 1490 0001
1235 1235 1491 0001
1236 1236 1492 0001
1237 1237 1493 0001
1238 1238 1494 0001
1239 1239 1495 0001
1240 1240 1496 0001
1241 1241 1497 0001
1242 1242 1498 0001
1243 1243 1499 0001
1244 1244 1500 0001
1245 1245 1501 0001
1246 1246 1502 0001
1247 1247 1503 0001
1248 1248 1504 0001
1249 1249 1505 0001
1250 1250 1506 0001
1251 1251 1507 0001
1252 1252 1508 0001
1253 1253 1509 0001
1254 1254 1510 0001
1255 1255 1511 0001
1256 1256 1512 0001
1257 1257 1513 0001
1258 1258 1514 0001
1259 1259 1515 0001
1260 1260 1516 0001
1261 1261 1517 0001
1262 1262 1518 0001
1263 1263 1519 0001
1264 1264 1520 0001
1265 1265 1521 0001
1266 1266 1522 0001
1267 1267 1523 0001
1268 1268 1524 0001
1269 1269 1525 0001
1270 1270 1526 0001
1271 1271 1527 0001
1272 1272 1528 0001
1273 1273 1529 0001
1274 1274 1530 0001
1275 1275 1531 0001
1276 1276 1532 0001
1277 1277 1533 0001
1278 1278 1534 0001
1279 1279 1535 0001
1280 1280 1536 0001
1281 1281 1537 0001
1282 1282 1538 0001
1283 1283 1539 0001
1284 1284 1540 0001
1285 1285 1541 0001
1286 1286 1542 0001
1287 1287 1543 0001
1288 1288 1544 0001
1289 1289 1545 0001
1290 1290 1546 0001
1291 1291 1547 0001
1292 1292 1548 0001
1293 1293 1549 0001
1294 1294 1550 0001
1295 1295 1551 0001
1296 1296 1552 0001
1297 1297 1553 0001
1298 1298 1554 0001
1299 1299 1555 0001
1300 1300 1556 0001
1301 1301 1557 0001
1302 1302 1558 0001
1303 1303 1559 0001
1304 1304 1560 0001
1305 1305 1561 0001
1306 1306 1562 0001
1307 1307 1563 0001
1308 1308 1564 0001
1309 1309 1565 0001
1310 1310 1566 0001
1311 1311 1567 0001
1312 1312 1568 0001
1313 1313 1569 0001
1314 1314 1570 0001
1315 1315 1571 0001
1316 1316 1572 0001
1317 1317 1573 0001
1318 1318 1574 0001
1319 1319 1575 0001
1320 1320 1576 0001
1321 1321 1577 0001
1322 1322 1578 0001
1323 1323 1579 0001
1324 1324 1580 0001
1325 1325 1581 0001
1326 1326 1582 0001
1327 1327 1583 0001
1328 1328 1584 0001
1329 1329 1585 0001
1330 1330 1586 0001
1331 1331 1587 0001
1332 1332 1588 0001
1333 1333 1589 0001
1334 1334 1590 0001
1335 1335 1591 0001
1336 1336 1592 0001
1337 1337 1593 0001
1338 1338 1594 0001
1339 1339 1595 0001
1340 1340 1596 0001
1341 1341 1597 0001
1342 1342 1598 0001
1343 1343 1599 0001
1344 1344 1600 0001
1345 1345 1601 0001
1346 1346 1602 0001
1347 1347 1603 0001
1348 1348 1604 0001
1349 1349 1605 0001
1350 1350 1606 0001
1351 1351 1607 0001
1352 1352 1608 0001
1353 1353 1609 0001
1354 1354 1610 0001
1355 1355 1611 0001
1356 1356 1612 0001
1357 1357 1613 0001
1358 1358 1614 0001
1359 1359 1615 0001
1360 1360 1616 0001
1361 1361 1617 0001
1362 1362 1618 0001
1363 1363 1619 0001
1364 1364 1620 0001
1365 1365 1621 0001
1366 1366 1622 0001
1367 1367 1623 0001
1368 1368 1624 0001
1369 1369 1625 0001
1370 1370 1626 0001
1371 1371 1627 0001
1372 1372 1628 0001
1373 1373 1629 0001
1374 1374 1630 0001
1375 1375 1631 0001
1376 1376 1632 0001
1377 1377 1633 0001
1378 1378 1634 0001
1379 1379 1635 0001
1380 1380 1636 0001
1381 1381 1637 0001
1382 1382 1638 0001
1383 1383 1639 0001
1384 1384 1640 0001
1385 1385 1641 0001
1386 1386 1642 0001
1387 1387 1643 0001
1388 1388 1644 0001
1389 1389 1645 0001
1390 1390 1646 0001
1391 1391 1647 0001
1392 1392 1648 0001
1393 1393 1649 0001
1394 1394 1650 0001
1395 1395 1651 0001
1396 1396 1652 0001
1397 1397 1653 0001
1398 1398 1654 0001
1399 1399 1655 0001
1400 1400 1656 0001
1401 1401 1657 0001
1402 1402 1658 0001
1403 1403 1659 0001
1404 1404 1660 0001
1405 1405 1661 0001
1406 1406 1662 0001
1407 1407 1663 0001
1408 1408 1664 0001
1409 1409 1665 0001
1410 1410 1666 0001
1411 1411 1667 0001
1412 1412 1668 0001
1413 1413 1669 0001
1414 1414 1670 0001
1415 1415 1671 0001
1416 1416 1672 0001
1417 1417 1673 0001
1418 1418 1674 0001
1419 1419 1675 0001
1420 1420 1676 0001
1421 1421 1677 0001
1422 1422 1678 0001
1423 1423 1679 0001
1424 1424 1680 0001
1425 1425 1681 0001
1426 1426 1682 0001
1427 1427 1683 0001
1428 1428 1684 0001
1429 1429 1685 0001
1430 1430 1686 0001
1431 1431 1687 0001
1432 1432 1688 0001
1433 1433 1689 0001
1434 1434 1690 0001
1435 1435 1691 0001
1436 1436 1692 0001
1437 1437 1693 0001
1438 1438 1694 0001
1439 1439 1695 0001
1440 1440 1696 0001
1441 1441 1697 0001
1442 1442 1698 0001
1443 1443 1699 0001
1444 1444 1700 0001
1445 1445 1701 0001
1446 1446 1702 0001
1447 1447 1703 0001
1448 1448 1704 0001
1449 1449 1705 0001
1450 1450 1706 0001
1451 1451 1707 0001
1452 1452 1708 0001
1453 1453 1709 0001
1454 1454 1710 0001
1455 1455 1711 0001
1456 1456 1712 0001
1457 1457 1713 0001
1458 1458 1714 0001
1459 1459 1715 0001
1460 1460 1716 0001
1461 1461 1717 0001
1462 1462 1718 0001
1463 1463 1719 0001
1464 1464 1720 0001
1465 1465 1721 0001
1466 1466 1722 0001
1467 1467 1723 0001
1468 1468 1724 0001
1469 1469 1725 0001
1470 1470 1726 0001
1471 1471 1727 0001
1472 1472 1728 0001
1473 1473 1729 0001
1474 1474 1730 0001
1475 1475 1731 0001
1476 1476 1732 0001
1477 1477 1733 0001
1478 1478 1734 0001
1479 1479 1735 0001
1480 1480 1736 0001
1481 1481 1737 0001
1482 1482 1738 0001
1483 1483 1739 0001
1484 1484 1740 0001
1485 1485 1741 0001
1486 1486 1742 0001
1487 1487 1743 0001
1488 1488 1744 0001
1489 1489 1745 0001
1490 1490 1746 0001
1491 1491 1747 0001
1492 1492 1748 0001
1493 1493 1749 0001
1494 1494 1750 0001
1495 1495 1751 0001
1496 1496 1752 0001
1497 1497 1753 0001
1498 1498 1754 0001
1499 1499 1755 0001
1500 1500 1756 0001
1501 1501 1757 0001
1502 1502 1758 0001
1503 1503 1759 0001
1504 1504 1760 0001
1505 1505 1761 0001
1506 1506 1762 0001
1507 1507 1763 0001
1508 1508 1764 0001
1509 1509 1765 0001
1510 1510 1766 0001
1511 1511 1767 0001
1512 1512 1768 0001
1513 1513 1769 0001
1514 1514 1770 0001
1515 1515 1771 0001
1516 1516 1772 0001
1517 1517 1773 0001
1518 1518 1774 0001
1519 1519 1775 0001
1520 1520 1776 0001
1521 1521 1777 0001
1522 1522 1778 0001
1523 1523 1779 0001
1524 1524 1780 0001
1525 1525 1781 0001
1526 1526 1782 0001
1527 1527 1783 0001
1528 1528 1784 0001
1529 1529 1785 0001
1530 1530 1786 0001
1531 1531 1787 0001
1532 1532 1788 0001
1533 1533 1789 0001
1534 1534 1790 0001
1535 1535 1791 0001
1536 1536 1792 0001
1537 1537 1793 0001
1538 1538 1794 0001
1539 1539 1795 0001
1540 260 1796 0110
1541 261 1797 0110
1542 262 1798 0110
1543 263 1799 0110
1544 264 1800 0110
1545 265 1801 0110
1546 266 1802 0110
1547 267 1803 0110
1548 268 1804 0110
1549 269 1805 0110
1550 270 1806 0110
1551 271 1807 0110
1552 272 1808 0110
1553 273 1809 0110
1554 274 1810 0110
1555 275 1811 0110
1556 276 1812 0110
1557 277 1813 0110
1558 278 1814 0110
1559 279 1815 0110
1560 280 1816 0110
1561 281 1817 0110
1562 282 1818 0110
1563 283 1819 0110
1564 284 1820 0110
1565 285 1821 0110
1566 286 1822 0110
1567 287 1823 0110
1568 288 1824 0110
1569 289 1825 0110
1570 290 1826 0110
1571 291 1827 0110
1572 292 1828 0110
1573 293 1829 0110
1574 294 1830 0110
1575 295 1831 0110
1576 296 1832 0110
1577 297 1833 0110
1578 298 1834 0110
1579 299 1835 0110
1580 300 1836 0110
1581 301 1837 0110
1582 302 1838 0110
1583 303 1839 0110
1584 304 1840 0110
1585 305 1841 0110
1586 306 1842 0110
1587 307 1843 0110
1588 308 1844 0110
1589 309 1845 0110
1590 310 1846 0110
1591 311 1847 0110
1592 312 1848 0110
1593 313 1849 0110
1594 314 1850 0110
1595 315 1851 0110
1596 316 1852 0110
1597 317 1853 0110
1598 318 1854 0110
1599 319 1855 0110
1600 320 1856 0110
1601 321 1857 0110
1602 322 1858 0110
1603 323 1859 0110
1604 324 1860 0110
1605 325 1861 0110
1606 326 1862 0110
1607 327 1863 0110
1608 328 1864 0110
1609 329 1865 0110
1610 330 1866 0110
1611 331 1867 0110
1612 332 1868 0110
1613 333 1869 0110
1614 334 1870 0110
1615 335 1871 0110
1616 336 1872 0110
1617 337 1873 0110
1618 338 1874 0110
1619 339 1875 0110
1620 340 1876 0110
1621 341 1877 0110
1622 342 1878 0110
1623 343 1879 0110
1624 344 1880 0110
1625 345 1881 0110
1626 346 1882 0110
1627 347 1883 0110
1628 348 1884 0110
1629 349 1885 0110
1630 350 1886 0110
1631 351 1887 0110
1632 352 1888 0110
1633 353 1889 0110
1634 354 1890 0110
1635 355 1891 0110
1636 356 1892 0110
1637 357 1893 0110
1638 358 1894 0110
1639 359 1895 0110
1640 360 1896 0110
1641 361 1897 0110
1642 362 1898 0110
1643 363 1899 0110
1644 364 1900 0110
1645 365 1901 0110
1646 366 1902 0110
1647 367 1903 0110
1648 368 1904 0110
1649 369 1905 0110
1650 370 1906 0110
1651 371 1907 0110
1652 372 1908 0110
1653 373 1909 0110
1654 374 1910 0110
1655 375 1911 0110
1656 376 1912 0110
1657 377 1913 0110
1658 378 1914 0110
1659 379 1915 0110
1660 380 1916 0110
1661 381 1917 0110
1662 382 1918 0110
1663 383 1919 0110
1664 384 1920 0110
1665 385 1921 0110
1666 386 1922 0110
1667 387 1923 0110
1668 388 1924 0110
1669 389 1925 0110
1670 390 1926 0110
1671 391 1927 0110
1672 392 1928 0110
1673 393 1929 0110
1674 394 1930 0110
1675 395 1931 0110
1676 396 1932 0110
1677 397 1933 0110
1678 398 1934 0110
1679 399 1935 0110
1680 400 1936 0110
1681 401 1937 0110
1682 402 1938 0110
1683 403 1939 0110
1684 404 1940 0110
1685 405 1941 0110
1686 406 1942 0110
1687 407 1943 0110
1688 408 1944 0110
1689 409 1945 0110
1690 410 1946 0110
1691 411 1947 0110
1692 412 1948 0110
1693 413 1949 0110
1694 414 1950 0110
1695 415 1951 0110
1696 416 1952 0110
1697 417 1953 0110
1698 418 1954 0110
1699 419 1955 0110
1700 420 1956 0110
1701 421 1957 0110
1702 422 1958 0110
1703 423 1959 0110
1704 424 1960 0110
1705 425 1961 0110
1706 426 1962 0110
1707 427 1963 0110
1708 428 1964 0110
1709 429 1965 0110
1710 430 1966 0110
1711 431 1967 0110
1712 432 1968 0110
1713 433 1969 0110
1714 434 1970 0110
1715 435 1971 0110
1716 436 1972 0110
1717 437 1973 0110
1718 438 1974 0110
1719 439 1975 0110
1720 440 1976 0110
1721 441 1977 0110
1722 442 1978 0110
1723 443 1979 0110
1724 444 1980 0110
1725 445 1981 0110
1726 446 1982 0110
1727 447 1983 0110
1728 448 1984 0110
1729 449 1985 0110
1730 450 1986 0110
1731 451 1987 0110
1732 452 1988 0110
1733 453 1989 0110
1734 454 1990 0110
1735 455 1991 0110
1736 456 1992 0110
1737 457 1993 0110
1738 458 1994 0110
1739 459 1995 0110
1740 460 1996 0110
1741 461 1997 0110
1742 462 1998 0110
1743 463 1999 0110
1744 464 2000 0110
1745 465 2001 0110
1746 466 2002 0110
1747 467 2003 0110
1748 468 2004 0110
1749 469 2005 0110
1750 470 2006 0110
1751 471 2007 0110
1752 472 2008 0110
1753 473 2009 0110
1754 474 2010 0110
1755 475 2011 0110
1756 476 2012 0110
1757 477 2013 0110
1758 478 2014 0110
1759 479 2015 0110
1760 480 2016 0110
1761 481 2017 0110
1762 482 2018 0110
1763 483 2019 0110
1764 484 2020 0110
1765 485 2021 0110
1766 486 2022 0110
1767 487 2023 0110
1768 488 2024 0110
1769 489 2025 0110
1770 490 2026 0110
1771 491 2027 0110
1772 492 2028 0110
1773 493 2029 0110
1774 494 2030 0110
1775 495 2031 0110
1776 496 2032 0110
1777 497 2033 0110
1778 498 2034 0110
1779 499 2035 0110
1780 500 2036 0110
1781 501 2037 0110
1782 502 2038 0110
1783 503 2039 0110
1784 504 2040 0110
1785 505 2041 0110
1786 506 2042 0110
1787 507 2043 0110
1788 508 2044 0110
1789 509 2045 0110
1790 510 2046 0110
1791 511 2047 0110
1792 512 2048 0110
1793 513 2049 0110
1794 514 2050 0110
1795 515 2051 0110
259 259 2052 1110
2052 516 2053 0001
259 1796 2054 0001
2053 2054 2055 0111
259 259 2056 1110
2056 517 2057 0001
259 1797 2058 0001
2057 2058 2059 0111
259 259 2060 1110
2060 518 2061 0001
259 1798 2062 0001
2061 2062 2063 0111
259 259 2064 1110
2064 519 2065 0001
259 1799 2066 0001
2065 2066 2067 0111
259 259 2068 1110
2068 520 2069 0001
259 1800 2070 0001
2069 2070 2071 0111
259 259 2072 1110
2072 521 2073 0001
259 1801 2074 0001
2073 2074 2075 0111
259 259 2076 1110
2076 522 2077 0001
259 1802 2078 0001
2077 2078 2079 0111
259 259 2080 1110
2080 523 2081 0001
259 1803 2082 0001
2081 2082 2083 0111
259 259 2084 1110
2084 524 2085 0001
259 1804 2086 0001
2085 2086 2087 0111
259 259 2088 1110
2088 525 2089 0001
259 1805 2090 0001
2089 2090 2091 0111
259 259 2092 1110
2092 526 2093 0001
259 1806 2094 0001
2093 2094 2095 0111
259 259 2096 1110
2096 527 2097 0001
259 1807 2098 0001
2097 2098 2099 0111
259 259 2100 1110
2100 528 2101 0001
259 1808 2102 0001
2101 2102 2103 0111
259 259 2104 1110
2104 529 2105 0001
259 1809 2106 0001
2105 2106 2107 0111
259 259 2108 1110
2108 530 2109 0001
259 1810 2110 0001
2109 2110 2111 0111
259 259 2112 1110
2112 531 2113 0001
259 1811 2114 0001
2113 2114 2115 0111
259 259 2116 1110
2116 532 2117 0001
259 1812 2118 0001
2117 2118 2119 0111
259 259 2120 1110
2120 533 2121 0001
259 1813 2122 0001
2121 2122 2123 0111
259 259 2124 1110
2124 534 2125 0001
259 1814 2126 0001
2125 2126 2127 0111
259 259 2128 1110
2128 535 2129 0001
259 1815 2130 0001
2129 2130 2131 0111
259 259 2132 1110
2132 536 2133 0001
259 1816 2134 0001
2133 2134 2135 0111
259 259 2136 1110
2136 537 2137 0001
259 1817 2138 0001
2137 2138 2139 0111
259 259 2140 1110
2140 538 2141 0001
259 1818 2142 0001
2141 2142 2143 0111
259 259 2144 1110
2144 539 2145 0001
259 1819 2146 0001
2145 2146 2147 0111
259 259 2148 1110
2148 540 2149 0001
259 1820 2150 0001
2149 2150 2151 0111
259 259 2152 1110
2152 541 2153 0001
259 1821 2154 0001
2153 2154 2155 0111
259 259 2156 1110
2156 542 2157 0001
259 1822 2158 0001
2157 2158 2159 0111
259 259 2160 1110
2160 543 2161 0001
259 1823 2162 0001
2161 2162 2163 0111
259 259 2164 1110
2164 544 2165 0001
259 1824 2166 0001
2165 2166 2167 0111
259 259 2168 1110
2168 545 2169 0001
259 1825 2170 0001
2169 2170 2171 0111
259 259 2172 1110
2172 546 2173 0001
259 1826 2174 0001
2173 2174 2175 0111
259 259 2176 1110
2176 547 2177 0001
259 1827 2178 0001
2177 2178 2179 0111
259 259 2180 1110
2180 548 2181 0001
259 1828 2182 0001
2181 2182 2183 0111
259 259 2184 1110
2184 549 2185 0001
259 1829 2186 0001
2185 2186 2187 0111
259 259 2188 1110
2188 550 2189 0001
259 1830 2190 0001
2189 2190 2191 0111
259 259 2192 1110
2192 551 2193 0001
259 1831 2194 0001
2193 2194 2195 0111
259 259 2196 1110
2196 552 2197 0001
259 1832 2198 0001
2197 2198 2199 0111
259 259 2200 1110
2200 553 2201 0001
259 1833 2202 0001
2201 2202 2203 0111
259 259 2204 1110
2204 554 2205 0001
259 1834 2206 0001
2205 2206 2207 0111
259 259 2208 1110
2208 555 2209 0001
259 1835 2210 0001
2209 2210 2211 0111
259 259 2212 1110
2212 556 2213 0001
259 1836 2214 0001
2213 2214 2215 0111
259 259 2216 1110
2216 557 2217 0001
259 1837 2218 0001
2217 2218 2219 0111
259 259 2220 1110
2220 558 2221 0001
259 1838 2222 0001
2221 2222 2223 0111
259 259 2224 1110
2224 559 2225 0001
259 1839 2226 0001
2225 2226 2227 0111
259 259 2228 1110
2228 560 2229 0001
259 1840 2230 0001
2229 2230 2231 0111
259 259 2232 1110
2232 561 2233 0001
259 1841 2234 0001
2233 2234 2235 0111
259 259 2236 1110
2236 562 2237 0001
259 1842 2238 0001
2237 2238 2239 0111
259 259 2240 1110
2240 563 2241 0001
259 1843 2242 0001
2241 2242 2243 0111
259 259 2244 1110
2244 564 2245 0001
259 1844 2246 0001
2245 2246 2247 0111
259 259 2248 1110
2248 565 2249 0001
259 1845 2250 0001
2249 2250 2251 0111
259 259 2252 1110
2252 566 2253 0001
259 1846 2254 0001
2253 2254 2255 0111
259 259 2256 1110
2256 567 2257 0001
259 1847 2258 0001
2257 2258 2259 0111
259 259 2260 1110
2260 568 2261 0001
259 1848 2262 0001
2261 2262 2263 0111
259 259 2264 1110
2264 569 2265 0001
259 1849 2266 0001
2265 2266 2267 0111
259 259 2268 1110
2268 570 2269 0001
259 1850 2270 0001
2269 2270 2271 0111
259 259 2272 1110
2272 571 2273 0001
259 1851 2274 0001
2273 2274 2275 0111
259 259 2276 1110
2276 572 2277 0001
259 1852 2278 0001
2277 2278 2279 0111
259 259 2280 1110
2280 573 2281 0001
259 1853 2282 0001
2281 2282 2283 0111
259 259 2284 1110
2284 574 2285 0001
259 1854 2286 0001
2285 2286 2287 0111
259 259 2288 1110
2288 575 2289 0001
259 1855 2290 0001
2289 2290 2291 0111
259 259 2292 1110
2292 576 2293 0001
259 1856 2294 0001
2293 2294 2295 0111
259 259 2296 1110
2296 577 2297 0001
259 1857 2298 0001
2297 2298 2299 0111
259 259 2300 1110
2300 578 2301 0001
259 1858 2302 0001
2301 2302 2303 0111
259 259 2304 1110
2304 579 2305 0001
259 1859 2306 0001
2305 2306 2307 0111
259 259 2308 1110
2308 580 2309 0001
259 1860 2310 0001
2309 2310 2311 0111
259 259 2312 1110
2312 581 2313 0001
259 1861 2314 0001
2313 2314 2315 0111
259 259 2316 1110
2316 582 2317 0001
259 1862 2318 0001
2317 2318 2319 0111
259 259 2320 1110
2320 583 2321 0001
259 1863 2322 0001
2321 2322 2323 0111
259 259 2324 1110
2324 584 2325 0001
259 1864 2326 0001
2325 2326 2327 0111
259 259 2328 1110
2328 585 2329 0001
259 1865 2330 0001
2329 2330 2331 0111
259 259 2332 1110
2332 586 2333 0001
259 1866 2334 0001
2333 2334 2335 0111
259 259 2336 1110
2336 587 2337 0001
259 1867 2338 0001
2337 2338 2339 0111
259 259 2340 1110
2340 588 2341 0001
259 1868 2342 0001
2341 2342 2343 0111
259 259 2344 1110
2344 589 2345 0001
259 1869 2346 0001
2345 2346 2347 0111
259 259 2348 1110
2348 590 2349 0001
259 1870 2350 0001
2349 2350 2351 0111
259 259 2352 1110
2352 591 2353 0001
259 1871 2354 0001
2353 2354 2355 0111
259 259 2356 1110
2356 592 2357 0001
259 1872 2358 0001
2357 2358 2359 0111
259 259 2360 1110
2360 593 2361 0001
259 1873 2362 0001
2361 2362 2363 0111
259 259 2364 1110
2364 594 2365 0001
259 1874 2366 0001
2365 2366 2367 0111
259 259 2368 1110
2368 595 2369 0001
259 1875 2370 0001
2369 2370 2371 0111
259 259 2372 1110
2372 596 2373 0001
259 1876 2374 0001
2373 2374 2375 0111
259 259 2376 1110
2376 597 2377 0001
259 1877 2378 0001
2377 2378 2379 0111
259 259 2380 1110
2380 598 2381 0001
259 1878 2382 0001
2381 2382 2383 0111
259 259 2384 1110
2384 599 2385 0001
259 1879 2386 0001
2385 2386 2387 0111
259 259 2388 1110
2388 600 2389 0001
259 1880 2390 0001
2389 2390 2391 0111
259 259 2392 1110
2392 601 2393 0001
259 1881 2394 0001
2393 2394 2395 0111
259 259 2396 1110
2396 602 2397 0001
259 1882 2398 0001
2397 2398 2399 0111
259 259 2400 1110
2400 603 2401 0001
259 1883 2402 0001
2401 2402 2403 0111
259 259 2404 1110
2404 604 2405 0001
259 1884 2406 0001
2405 2406 2407 0111
259 259 2408 1110
2408 605 2409 0001
259 1885 2410 0001
2409 2410 2411 0111
259 259 2412 1110
2412 606 2413 0001
259 1886 2414 0001
2413 2414 2415 0111
259 259 2416 1110
2416 607 2417 0001
259 1887 2418 0001
2417 2418 2419 0111
259 259 2420 1110
2420 608 2421 0001
259 1888 2422 0001
2421 2422 2423 0111
259 259 2424 1110
2424 609 2425 0001
259 1889 2426 0001
2425 2426 2427 0111
259 259 2428 1110
2428 610 2429 0001
259 1890 2430 0001
2429 2430 2431 0111
259 259 2432 1110
2432 611 2433 0001
259 1891 2434 0001
2433 2434 2435 0111
259 259 2436 1110
2436 612 2437 0001
259 1892 2438 0001
2437 2438 2439 0111
259 259 2440 1110
2440 613 2441 0001
259 1893 2442 0001
2441 2442 2443 0111
259 259 2444 1110
2444 614 2445 0001
259 1894 2446 0001
2445 2446 2447 0111
259 259 2448 1110
2448 615 2449 0001
259 1895 2450 0001
2449 2450 2451 0111
259 259 2452 1110
2452 616 2453 0001
259 1896 2454 0001
2453 2454 2455 0111
259 259 2456 1110
2456 617 2457 0001
259 1897 2458 0001
2457 2458 2459 0111
259 259 2460 1110
2460 618 2461 0001
259 1898 2462 0001
2461 2462 2463 0111
259 259 2464 1110
2464 619 2465 0001
259 1899 2466 0001
2465 2466 2467 0111
259 259 2468 1110
2468 620 2469 0001
259 1900 2470 0001
2469 2470 2471 0111
259 259 2472 1110
2472 621 2473 0001
259 1901 2474 0001
2473 2474 2475 0111
259 259 2476 1110
2476 622 2477 0001
259 1902 2478 0001
2477 2478 2479 0111
259 259 2480 1110
2480 623 2481 0001
259 1903 2482 0001
2481 2482 2483 0111
259 259 2484 1110
2484 624 2485 0001
259 1904 2486 0001
2485 2486 2487 0111
259 259 2488 1110
2488 625 2489 0001
259 1905 2490 0001
2489 2490 2491 0111
259 259 2492 1110
2492 626 2493 0001
259 1906 2494 0001
2493 2494 2495 0111
259 259 2496 1110
2496 627 2497 0001
259 1907 2498 0001
2497 2498 2499 0111
259 259 2500 1110
2500 628 2501 0001
259 1908 2502 0001
2501 2502 2503 0111
259 259 2504 1110
2504 629 2505 0001
259 1909 2506 0001
2505 2506 2507 0111
259 259 2508 1110
2508 630 2509 0001
259 1910 2510 0001
2509 2510 2511 0111
259 259 2512 1110
2512 631 2513 0001
259 1911 2514 0001
2513 2514 2515 0111
259 259 2516 1110
2516 632 2517 0001
259 1912 2518 0001
2517 2518 2519 0111
259 259 2520 1110
2520 633 2521 0001
259 1913 2522 0001
2521 2522 2523 0111
259 259 2524 1110
2524 634 2525 0001
259 1914 2526 0001
2525 2526 2527 0111
259 259 2528 1110
2528 635 2529 0001
259 1915 2530 0001
2529 2530 2531 0111
259 259 2532 1110
2532 636 2533 0001
259 1916 2534 0001
2533 2534 2535 0111
259 259 2536 1110
2536 637 2537 0001
259 1917 2538 0001
2537 2538 2539 0111
259 259 2540 1110
2540 638 2541 0001
259 1918 2542 0001
2541 2542 2543 0111
259 259 2544 1110
2544 639 2545 0001
259 1919 2546 0001
2545 2546 2547 0111
259 259 2548 1110
2548 640 2549 0001
259 1920 2550 0001
2549 2550 2551 0111
259 259 2552 1110
2552 641 2553 0001
259 1921 2554 0001
2553 2554 2555 0111
259 259 2556 1110
2556 642 2557 0001
259 1922 2558 0001
2557 2558 2559 0111
259 259 2560 1110
2560 643 2561 0001
259 1923 2562 0001
2561 2562 2563 0111
259 259 2564 1110
2564 644 2565 0001
259 1924 2566 0001
2565 2566 2567 0111
259 259 2568 1110
2568 645 2569 0001
259 1925 2570 0001
2569 2570 2571 0111
259 259 2572 1110
2572 646 2573 0001
259 1926 2574 0001
2573 2574 2575 0111
259 259 2576 1110
2576 647 2577 0001
259 1927 2578 0001
2577 2578 2579 0111
259 259 2580 1110
2580 648 2581 0001
259 1928 2582 0001
2581 2582 2583 0111
259 259 2584 1110
2584 649 2585 0001
259 1929 2586 0001
2585 2586 2587 0111
259 259 2588 1110
2588 650 2589 0001
259 1930 2590 0001
2589 2590 2591 0111
259 259 2592 1110
2592 651 2593 0001
259 1931 2594 0001
2593 2594 2595 0111
259 259 2596 1110
2596 652 2597 0001
259 1932 2598 0001
2597 2598 2599 0111
259 259 2600 1110
2600 653 2601 0001
259 1933 2602 0001
2601 2602 2603 0111
259 259 2604 1110
2604 654 2605 0001
259 1934 2606 0001
2605 2606 2607 0111
259 259 2608 1110
2608 655 2609 0001
259 1935 2610 0001
2609 2610 2611 0111
259 259 2612 1110
2612 656 2613 0001
259 1936 2614 0001
2613 2614 2615 0111
259 259 2616 1110
2616 657 2617 0001
259 1937 2618 0001
2617 2618 2619 0111
259 259 2620 1110
2620 658 2621 0001
259 1938 2622 0001
2621 2622 2623 0111
259 259 2624 1110
2624 659 2625 0001
259 1939 2626 0001
2625 2626 2627 0111
259 259 2628 1110
2628 660 2629 0001
259 1940 2630 0001
2629 2630 2631 0111
259 259 2632 1110
2632 661 2633 0001
259 1941 2634 0001
2633 2634 2635 0111
259 259 2636 1110
2636 662 2637 0001
259 1942 2638 0001
2637 2638 2639 0111
259 259 2640 1110
2640 663 2641 0001
259 1943 2642 0001
2641 2642 2643 0111
259 259 2644 1110
2644 664 2645 0001
259 1944 2646 0001
2645 2646 2647 0111
259 259 2648 1110
2648 665 2649 0001
259 1945 2650 0001
2649 2650 2651 0111
259 259 2652 1110
2652 666 2653 0001
259 1946 2654 0001
2653 2654 2655 0111
259 259 2656 1110
2656 667 2657 0001
259 1947 2658 0001
2657 2658 2659 0111
259 259 2660 1110
2660 668 2661 0001
259 1948 2662 0001
2661 2662 2663 0111
259 259 2664 1110
2664 669 2665 0001
259 1949 2666 0001
2665 2666 2667 0111
259 259 2668 1110
2668 670 2669 0001
259 1950 2670 0001
2669 2670 2671 0111
259 259 2672 1110
2672 671 2673 0001
259 1951 2674 0001
2673 2674 2675 0111
259 259 2676 1110
2676 672 2677 0001
259 1952 2678 0001
2677 2678 2679 0111
259 259 2680 1110
2680 673 2681 0001
259 1953 2682 0001
2681 2682 2683 0111
259 259 2684 1110
2684 674 2685 0001
259 1954 2686 0001
2685 2686 2687 0111
259 259 2688 1110
2688 675 2689 0001
259 1955 2690 0001
2689 2690 2691 0111
259 259 2692 1110
2692 676 2693 0001
259 1956 2694 0001
2693 2694 2695 0111
259 259 2696 1110
2696 677 2697 0001
259 1957 2698 0001
2697 2698 2699 0111
259 259 2700 1110
2700 678 2701 0001
259 1958 2702 0001
2701 2702 2703 0111
259 259 2704 1110
2704 679 2705 0001
259 1959 2706 0001
2705 2706 2707 0111
259 259 2708 1110
2708 680 2709 0001
259 1960 2710 0001
2709 2710 2711 0111
259 259 2712 1110
2712 681 2713 0001
259 1961 2714 0001
2713 2714 2715 0111
259 259 2716 1110
2716 682 2717 0001
259 1962 2718 0001
2717 2718 2719 0111
259 259 2720 1110
2720 683 2721 0001
259 1963 2722 0001
2721 2722 2723 0111
259 259 2724 1110
2724 684 2725 0001
259 1964 2726 0001
2725 2726 2727 0111
259 259 2728 1110
2728 685 2729 0001
259 1965 2730 0001
2729 2730 2731 0111
259 259 2732 1110
2732 686 2733 0001
259 1966 2734 0001
2733 2734 2735 0111
259 259 2736 1110
2736 687 2737 0001
259 1967 2738 0001
2737 2738 2739 0111
259 259 2740 1110
2740 688 2741 0001
259 1968 2742 0001
2741 2742 2743 0111
259 259 2744 1110
2744 689 2745 0001
259 1969 2746 0001
2745 2746 2747 0111
259 259 2748 1110
2748 690 2749 0001
259 1970 2750 0001
2749 2750 2751 0111
259 259 2752 1110
2752 691 2753 0001
259 1971 2754 0001
2753 2754 2755 0111
259 259 2756 1110
2756 692 2757 0001
259 1972 2758 0001
2757 2758 2759 0111
259 259 2760 1110
2760 693 2761 0001
259 1973 2762 0001
2761 2762 2763 0111
259 259 2764 1110
2764 694 2765 0001
259 1974 2766 0001
2765 2766 2767 0111
259 259 2768 1110
2768 695 2769 0001
259 1975 2770 0001
2769 2770 2771 0111
259 259 2772 1110
2772 696 2773 0001
259 1976 2774 0001
2773 2774 2775 0111
259 259 2776 1110
2776 697 2777 0001
259 1977 2778 0001
2777 2778 2779 0111
259 259 2780 1110
2780 698 2781 0001
259 1978 2782 0001
2781 2782 2783 0111
259 259 2784 1110
2784 699 2785 0001
259 1979 2786 0001
2785 2786 2787 0111
259 259 2788 1110
2788 700 2789 0001
259 1980 2790 0001
2789 2790 2791 0111
259 259 2792 1110
2792 701 2793 0001
259 1981 2794 0001
2793 2794 2795 0111
259 259 2796 1110
2796 702 2797 0001
259 1982 2798 0001
2797 2798 2799 0111
259 259 2800 1110
2800 703 2801 0001
259 1983 2802 0001
2801 2802 2803 0111
259 259 2804 1110
2804 704 2805 0001
259 1984 2806 0001
2805 2806 2807 0111
259 259 2808 1110
2808 705 2809 0001
259 1985 2810 0001
2809 2810 2811 0111
259 259 2812 1110
2812 706 2813 0001
259 1986 2814 0001
2813 2814 2815 0111
259 259 2816 1110
2816 707 2817 0001
259 1987 2818 0001
2817 2818 2819 0111
259 259 2820 1110
2820 708 2821 0001
259 1988 2822 0001
2821 2822 2823 0111
259 259 2824 1110
2824 709 2825 0001
259 1989 2826 0001
2825 2826 2827 0111
259 259 2828 1110
2828 710 2829 0001
259 1990 2830 0001
2829 2830 2831 0111
259 259 2832 1110
2832 711 2833 0001
259 1991 2834 0001
2833 2834 2835 0111
259 259 2836 1110
2836 712 2837 0001
259 1992 2838 0001
2837 2838 2839 0111
259 259 2840 1110
2840 713 2841 0001
259 1993 2842 0001
2841 2842 2843 0111
259 259 2844 1110
2844 714 2845 0001
259 1994 2846 0001
2845 2846 2847 0111
259 259 2848 1110
2848 715 2849 0001
259 1995 2850 0001
2849 2850 2851 0111
259 259 2852 1110
2852 716 2853 0001
259 1996 2854 0001
2853 2854 2855 0111
259 259 2856 1110
2856 717 2857 0001
259 1997 2858 0001
2857 2858 2859 0111
259 259 2860 1110
2860 718 2861 0001
259 1998 2862 0001
2861 2862 2863 0111
259 259 2864 1110
2864 719 2865 0001
259 1999 2866 0001
2865 2866 2867 0111
259 259 2868 1110
2868 720 2869 0001
259 2000 2870 0001
2869 2870 2871 0111
259 259 2872 1110
2872 721 2873 0001
259 2001 2874 0001
2873 2874 2875 0111
259 259 2876 1110
2876 722 2877 0001
259 2002 2878 0001
2877 2878 2879 0111
259 259 2880 1110
2880 723 2881 0001
259 2003 2882 0001
2881 2882 2883 0111
259 259 2884 1110
2884 724 2885 0001
259 2004 2886 0001
2885 2886 2887 0111
259 259 2888 1110
2888 725 2889 0001
259 2005 2890 0001
2889 2890 2891 0111
259 259 2892 1110
2892 726 2893 0001
259 2006 2894 0001
2893 2894 2895 0111
259 259 2896 1110
2896 727 2897 0001
259 2007 2898 0001
2897 2898 2899 0111
259 259 2900 1110
2900 728 2901 0001
259 2008 2902 0001
2901 2902 2903 0111
259 259 2904 1110
2904 729 2905 0001
259 2009 2906 0001
2905 2906 2907 0111
259 259 2908 1110
2908 730 2909 0001
259 2010 2910 0001
2909 2910 2911 0111
259 259 2912 1110
2912 731 2913 0001
259 2011 2914 0001
2913 2914 2915 0111
259 259 2916 1110
2916 732 2917 0001
259 2012 2918 0001
2917 2918 2919 0111
259 259 2920 1110
2920 733 2921 0001
259 2013 2922 0001
2921 2922 2923 0111
259 259 2924 1110
2924 734 2925 0001
259 2014 2926 0001
2925 2926 2927 0111
259 259 2928 1110
2928 735 2929 0001
259 2015 2930 0001
2929 2930 2931 0111
259 259 2932 1110
2932 736 2933 0001
259 2016 2934 0001
2933 2934 2935 0111
259 259 2936 1110
2936 737 2937 0001
259 2017 2938 0001
2937 2938 2939 0111
259 259 2940 1110
2940 738 2941 0001
259 2018 2942 0001
2941 2942 2943 0111
259 259 2944 1110
2944 739 2945 0001
259 2019 2946 0001
2945 2946 2947 0111
259 259 2948 1110
2948 740 2949 0001
259 2020 2950 0001
2949 2950 2951 0111
259 259 2952 1110
2952 741 2953 0001
259 2021 2954 0001
2953 2954 2955 0111
259 259 2956 1110
2956 742 2957 0001
259 2022 2958 0001
2957 2958 2959 0111
259 259 2960 1110
2960 743 2961 0001
259 2023 2962 0001
2961 2962 2963 0111
259 259 2964 1110
2964 744 2965 0001
259 2024 2966 0001
2965 2966 2967 0111
259 259 2968 1110
2968 745 2969 0001
259 2025 2970 0001
2969 2970 2971 0111
259 259 2972 1110
2972 746 2973 0001
259 2026 2974 0001
2973 2974 2975 0111
259 259 2976 1110
2976 747 2977 0001
259 2027 2978 0001
2977 2978 2979 0111
259 259 2980 1110
2980 748 2981 0001
259 2028 2982 0001
2981 2982 2983 0111
259 259 2984 1110
2984 749 2985 0001
259 2029 2986 0001
2985 2986 2987 0111
259 259 2988 1110
2988 750 2989 0001
259 2030 2990 0001
2989 2990 2991 0111
259 259 2992 1110
2992 751 2993 0001
259 2031 2994 0001
2993 2994 2995 0111
259 259 2996 1110
2996 752 2997 0001
259 2032 2998 0001
2997 2998 2999 0111
259 259 3000 1110
3000 753 3001 0001
259 2033 3002 0001
3001 3002 3003 0111
259 259 3004 1110
3004 754 3005 0001
259 2034 3006 0001
3005 3006 3007 0111
259 259 3008 1110
3008 755 3009 0001
259 2035 3010 0001
3009 3010 3011 0111
259 259 3012 1110
3012 756 3013 0001
259 2036 3014 0001
3013 3014 3015 0111
259 259 3016 1110
3016 757 3017 0001
259 2037 3018 0001
3017 3018 3019 0111
259 259 3020 1110
3020 758 3021 0001
259 2038 3022 0001
3021 3022 3023 0111
259 259 3024 1110
3024 759 3025 0001
259 2039 3026 0001
3025 3026 3027 0111
259 259 3028 1110
3028 760 3029 0001
259 2040 3030 0001
3029 3030 3031 0111
259 259 3032 1110
3032 761 3033 0001
259 2041 3034 0001
3033 3034 3035 0111
259 259 3036 1110
3036 762 3037 0001
259 2042 3038 0001
3037 3038 3039 0111
259 259 3040 1110
3040 763 3041 0001
259 2043 3042 0001
3041 3042 3043 0111
259 259 3044 1110
3044 764 3045 0001
259 2044 3046 0001
3045 3046 3047 0111
259 259 3048 1110
3048 765 3049 0001
259 2045 3050 0001
3049 3050 3051 0111
259 259 3052 1110
3052 766 3053 0001
259 2046 3054 0001
3053 3054 3055 0111
259 259 3056 1110
3056 767 3057 0001
259 2047 3058 0001
3057 3058 3059 0111
259 259 3060 1110
3060 768 3061 0001
259 2048 3062 0001
3061 3062 3063 0111
259 259 3064 1110
3064 769 3065 0001
259 2049 3066 0001
3065 3066 3067 0111
259 259 3068 1110
3068 770 3069 0001
259 2050 3070 0001
3069 3070 3071 0111
259 259 3072 1110
3072 771 3073 0001
259 2051 3074 0001
3073 3074 3075 0111
2055 2055 3076 0001
2059 2059 3077 0001
2063 2063 3078 0001
2067 2067 3079 0001
2071 2071 3080 0001
2075 2075 3081 0001
2079 2079 3082 0001
2083 2083 3083 0001
2087 2087 3084 0001
2091 2091 3085 0001
2095 2095 3086 0001
2099 2099 3087 0001
2103 2103 3088 0001
2107 2107 3089 0001
2111 2111 3090 0001
2115 2115 3091 0001
2119 2119 3092 0001
2123 2123 3093 0001
2127 2127 3094 0001
2131 2131 3095 0001
2135 2135 3096 0001
2139 2139 3097 0001
2143 2143 3098 0001
2147 2147 3099 0001
2151 2151 3100 0001
2155 2155 3101 0001
2159 2159 3102 0001
2163 2163 3103 0001
2167 2167 3104 0001
2171 2171 3105 0001
2175 2175 3106 0001
2179 2179 3107 0001
2183 2183 3108 0001
2187 2187 3109 0001
2191 2191 3110 0001
2195 2195 3111 0001
2199 2199 3112 0001
2203 2203 3113 0001
2207 2207 3114 0001
2211 2211 3115 0001
2215 2215 3116 0001
2219 2219 3117 0001
2223 2223 3118 0001
2227 2227 3119 0001
2231 2231 3120 0001
2235 2235 3121 0001
2239 2239 3122 0001
2243 2243 3123 0001
2247 2247 3124 0001
2251 2251 3125 0001
2255 2255 3126 0001
2259 2259 3127 0001
2263 2263 3128 0001
2267 2267 3129 0001
2271 2271 3130 0001
2275 2275 3131 0001
2279 2279 3132 0001
2283 2283 3133 0001
2287 2287 3134 0001
2291 2291 3135 0001
2295 2295 3136 0001
2299 2299 3137 0001
2303 2303 3138 0001
2307 2307 3139 0001
2311 2311 3140 0001
2315 2315 3141 0001
2319 2319 3142 0001
2323 2323 3143 0001
2327 2327 3144 0001
2331 2331 3145 0001
2335 2335 3146 0001
2339 2339 3147 0001
2343 2343 3148 0001
2347 2347 3149 0001
2351 2351 3150 0001
2355 2355 3151 0001
2359 2359 3152 0001
2363 2363 3153 0001
2367 2367 3154 0001
2371 2371 3155 0001
2375 2375 3156 0001
2379 2379 3157 0001
2383 2383 3158 0001
2387 2387 3159 0001
2391 2391 3160 0001
2395 2395 3161 0001
2399 2399 3162 0001
2403 2403 3163 0001
2407 2407 3164 0001
2411 2411 3165 0001
2415 2415 3166 0001
2419 2419 3167 0001
2423 2423 3168 0001
2427 2427 3169 0001
2431 2431 3170 0001
2435 2435 3171 0001
2439 2439 3172 0001
2443 2443 3173 0001
2447 2447 3174 0001
2451 2451 3175 0001
2455 2455 3176 0001
2459 2459 3177 0001
2463 2463 3178 0001
2467 2467 3179 0001
2471 2471 3180 0001
2475 2475 3181 0001
2479 2479 3182 0001
2483 2483 3183 0001
2487 2487 3184 0001
2491 2491 3185 0001
2495 2495 3186 0001
2499 2499 3187 0001
2503 2503 3188 0001
2507 2507 3189 0001
2511 2511 3190 0001
2515 2515 3191 0001
2519 2519 3192 0001
2523 2523 3193 0001
2527 2527 3194 0001
2531 2531 3195 0001
2535 2535 3196 0001
2539 2539 3197 0001
2543 2543 3198 0001
2547 2547 3199 0001
2551 2551 3200 0001
2555 2555 3201 0001
2559 2559 3202 0001
2563 2563 3203 0001
2567 2567 3204 0001
2571 2571 3205 0001
2575 2575 3206 0001
2579 2579 3207 0001
2583 2583 3208 0001
2587 2587 3209 0001
2591 2591 3210 0001
2595 2595 3211 0001
2599 2599 3212 0001
2603 2603 3213 0001
2607 2607 3214 0001
2611 2611 3215 0001
2615 2615 3216 0001
2619 2619 3217 0001
2623 2623 3218 0001
2627 2627 3219 0001
2631 2631 3220 0001
2635 2635 3221 0001
2639 2639 3222 0001
2643 2643 3223 0001
2647 2647 3224 0001
2651 2651 3225 0001
2655 2655 3226 0001
2659 2659 3227 0001
2663 2663 3228 0001
2667 2667 3229 0001
2671 2671 3230 0001
2675 2675 3231 0001
2679 2679 3232 0001
2683 2683 3233 0001
2687 2687 3234 0001
2691 2691 3235 0001
2695 2695 3236 0001
2699 2699 3237 0001
2703 2703 3238 0001
2707 2707 3239 0001
2711 2711 3240 0001
2715 2715 3241 0001
2719 2719 3242 0001
2723 2723 3243 0001
2727 2727 3244 0001
2731 2731 3245 0001
2735 2735 3246 0001
2739 2739 3247 0001
2743 2743 3248 0001
2747 2747 3249 0001
2751 2751 3250 0001
2755 2755 3251 0001
2759 2759 3252 0001
2763 2763 3253 0001
2767 2767 3254 0001
2771 2771 3255 0001
2775 2775 3256 0001
2779 2779 3257 0001
2783 2783 3258 0001
2787 2787 3259 0001
2791 2791 3260 0001
2795 2795 3261 0001
2799 2799 3262 0001
2803 2803 3263 0001
2807 2807 3264 0001
2811 2811 3265 0001
2815 2815 3266 0001
2819 2819 3267 0001
2823 2823 3268 0001
2827 2827 3269 0001
2831 2831 3270 0001
2835 2835 3271 0001
2839 2839 3272 0001
2843 2843 3273 0001
2847 2847 3274 0001
2851 2851 3275 0001
2855 2855 3276 0001
2859 2859 3277 0001
2863 2863 3278 0001
2867 2867 3279 0001
2871 2871 3280 0001
2875 2875 3281 0001
2879 2879 3282 0001
2883 2883 3283 0001
2887 2887 3284 0001
2891 2891 3285 0001
2895 2895 3286 0001
2899 2899 3287 0001
2903 2903 3288 0001
2907 2907 3289 0001
2911 2911 3290 0001
2915 2915 3291 0001
2919 2919 3292 0001
2923 2923 3293 0001
2927 2927 3294 0001
2931 2931 3295 0001
2935 2935 3296 0001
2939 2939 3297 0001
2943 2943 3298 0001
2947 2947 3299 0001
2951 2951 3300 0001
2955 2955 3301 0001
2959 2959 3302 0001
2963 2963 3303 0001
2967 2967 3304 0001
2971 2971 3305 0001
2975 2975 3306 0001
2979 2979 3307 0001
2983 2983 3308 0001
2987 2987 3309 0001
2991 2991 3310 0001
2995 2995 3311 0001
2999 2999 3312 0001
3003 3003 3313 0001
3007 3007 3314 0001
3011 3011 3315 0001
3015 3015 3316 0001
3019 3019 3317 0001
3023 3023 3318 0001
3027 3027 3319 0001
3031 3031 3320 0001
3035 3035 3321 0001
3039 3039 3322 0001
3043 3043 3323 0001
3047 3047 3324 0001
3051 3051 3325 0001
3055 3055 3326 0001
3059 3059 3327 0001
3063 3063 3328 0001
3067 3067 3329 0001
3071 3071 3330 0001
3075 3075 3331 0001
