3 3 772 0001
4 4 773 1110
5 5 774 0001
6 6 775 1110
7 7 776 1110
8 8 777 1000
9 9 778 0001
10 10 779 0111
11 11 780 0111
12 12 781 1110
13 13 782 0111
14 14 783 0111
15 15 784 0111
16 16 785 0111
17 17 786 1110
18 18 787 0001
19 19 788 0001
20 20 789 1000
21 21 790 1110
22 22 791 0001
23 23 792 1110
24 24 793 0111
25 25 794 1110
26 26 795 0001
27 27 796 0001
28 28 797 1110
29 29 798 0111
30 30 799 0001
31 31 800 0111
32 32 801 1000
33 33 802 1110
34 34 803 0111
35 35 804 1110
36 36 805 0001
37 37 806 1000
38 38 807 0111
39 39 808 1000
40 40 809 0111
41 41 810 1000
42 42 811 1110
43 43 812 0111
44 44 813 0001
45 45 814 1110
46 46 815 0111
47 47 816 0111
48 48 817 0111
49 49 818 1110
50 50 819 1000
51 51 820 0001
52 52 821 1110
53 53 822 1000
54 54 823 1000
55 55 824 0001
56 56 825 1110
57 57 826 1110
58 58 827 0111
59 59 828 0001
60 60 829 0111
61 61 830 1110
62 62 831 0111
63 63 832 1110
64 64 833 1000
65 65 834 1000
66 66 835 1000
67 67 836 0001
68 68 837 1000
69 69 838 1110
70 70 839 0111
71 71 840 0001
72 72 841 1110
73 73 842 1110
74 74 843 1110
75 75 844 1110
76 76 845 1110
77 77 846 0111
78 78 847 0001
79 79 848 1110
80 80 849 1110
81 81 850 1000
82 82 851 1110
83 83 852 1000
84 84 853 0001
85 85 854 1000
86 86 855 1000
87 87 856 0111
88 88 857 1110
89 89 858 1000
90 90 859 1000
91 91 860 0111
92 92 861 0111
93 93 862 1110
94 94 863 1110
95 95 864 0111
96 96 865 0001
97 97 866 0001
98 98 867 1000
99 99 868 1000
100 100 869 1000
101 101 870 0111
102 102 871 1000
103 103 872 1000
104 104 873 0001
105 105 874 1000
106 106 875 0111
107 107 876 0001
108 108 877 0001
109 109 878 0111
110 110 879 0111
111 111 880 0111
112 112 881 1000
113 113 882 0111
114 114 883 1000
115 115 884 1110
116 116 885 0111
117 117 886 1000
118 118 887 1110
119 119 888 0111
120 120 889 0001
121 121 890 0001
122 122 891 0001
123 123 892 0111
124 124 893 1000
125 125 894 0111
126 126 895 1110
127 127 896 0001
128 128 897 1110
129 129 898 1110
130 130 899 1110
131 131 900 1110
132 132 901 1110
133 133 902 1110
134 134 903 1110
135 135 904 0001
136 136 905 1110
137 137 906 1000
138 138 907 0111
139 139 908 1110
140 140 909 0111
141 141 910 0001
142 142 911 0001
143 143 912 1110
144 144 913 0111
145 145 914 1000
146 146 915 1110
147 147 916 1110
148 148 917 1000
149 149 918 0111
150 150 919 1110
151 151 920 1110
152 152 921 0001
153 153 922 0111
154 154 923 1000
155 155 924 1000
156 156 925 0001
157 157 926 1110
158 158 927 0111
159 159 928 0001
160 160 929 0001
161 161 930 1000
162 162 931 0001
163 163 932 0111
164 164 933 0111
165 165 934 0111
166 166 935 1110
167 167 936 1110
168 168 937 1000
169 169 938 1110
170 170 939 0001
171 171 940 0001
172 172 941 0111
173 173 942 1110
174 174 943 0001
175 175 944 0111
176 176 945 1000
177 177 946 1110
178 178 947 1110
179 179 948 0001
180 180 949 0111
181 181 950 1000
182 182 951 0001
183 183 952 0111
184 184 953 1110
185 185 954 1000
186 186 955 0111
187 187 956 1000
188 188 957 1110
189 189 958 0001
190 190 959 1110
191 191 960 0111
192 192 961 0001
193 193 962 1000
194 194 963 1110
195 195 964 0111
196 196 965 0001
197 197 966 1000
198 198 967 1110
199 199 968 0111
200 200 969 0001
201 201 970 1000
202 202 971 1110
203 203 972 0111
204 204 973 0111
205 205 974 1110
206 206 975 0111
207 207 976 0001
208 208 977 0001
209 209 978 1000
210 210 979 0001
211 211 980 0111
212 212 981 0001
213 213 982 1000
214 214 983 1110
215 215 984 0111
216 216 985 1110
217 217 986 0001
218 218 987 0111
219 219 988 1110
220 220 989 1110
221 221 990 1110
222 222 991 1000
223 223 992 0111
224 224 993 0001
225 225 994 1110
226 226 995 0001
227 227 996 0111
228 228 997 1000
229 229 998 1110
230 230 999 0001
231 231 1000 0001
232 232 1001 0001
233 233 1002 0001
234 234 1003 1110
235 235 1004 1000
236 236 1005 1110
237 237 1006 0001
238 238 1007 1000
239 239 1008 1000
240 240 1009 0111
241 241 1010 1110
242 242 1011 1000
243 243 1012 1000
244 244 1013 0111
245 245 1014 1000
246 246 1015 1000
247 247 1016 0111
248 248 1017 0111
249 249 1018 1110
250 250 1019 0111
251 251 1020 0111
252 252 1021 1110
253 253 1022 0111
254 254 1023 0111
255 255 1024 1110
256 256 1025 1000
257 257 1026 1000
258 258 1027 0111
772 772 1028 0001
773 773 1029 1000
774 774 1030 1110
775 775 1031 1000
776 776 1032 0111
777 777 1033 1110
778 778 1034 0001
779 779 1035 1000
780 780 1036 0111
781 781 1037 0111
782 782 1038 1000
783 783 1039 1000
784 784 1040 1000
785 785 1041 0111
786 786 1042 1000
787 787 1043 0001
788 788 1044 1110
789 789 1045 0001
790 790 1046 0111
791 791 1047 0001
792 792 1048 0111
793 793 1049 0111
794 794 1050 0111
795 795 1051 0001
796 796 1052 0001
797 797 1053 0111
798 798 1054 0111
799 799 1055 1110
800 800 1056 1000
801 801 1057 1110
802 802 1058 0111
803 803 1059 1000
804 804 1060 0111
805 805 1061 0001
806 806 1062 1110
807 807 1063 1000
808 808 1064 0001
809 809 1065 1000
810 810 1066 1110
811 811 1067 0111
812 812 1068 1000
813 813 1069 1110
814 814 1070 0111
815 815 1071 0111
816 816 1072 0111
817 817 1073 0111
818 818 1074 1000
819 819 1075 0001
820 820 1076 1110
821 821 1077 0111
822 822 1078 1110
823 823 1079 1110
824 824 1080 0001
825 825 1081 0111
826 826 1082 1000
827 827 1083 1000
828 828 1084 0001
829 829 1085 0111
830 830 1086 0111
831 831 1087 0111
832 832 1088 1000
833 833 1089 1110
834 834 1090 1110
835 835 1091 1110
836 836 1092 0001
837 837 1093 1110
838 838 1094 1000
839 839 1095 1000
840 840 1096 0001
841 841 1097 1000
842 842 1098 1000
843 843 1099 0111
844 844 1100 0111
845 845 1101 1000
846 846 1102 0111
847 847 1103 1110
848 848 1104 0111
849 849 1105 0111
850 850 1106 0001
851 851 1107 0111
852 852 1108 0001
853 853 1109 1110
854 854 1110 1110
855 855 1111 0001
856 856 1112 1000
857 857 1113 0111
858 858 1114 0001
859 859 1115 1110
860 860 1116 1000
861 861 1117 0111
862 862 1118 1000
863 863 1119 1000
864 864 1120 0111
865 865 1121 0001
866 866 1122 1110
867 867 1123 0001
868 868 1124 0001
869 869 1125 0001
870 870 1126 1000
871 871 1127 0001
872 872 1128 1110
873 873 1129 1110
874 874 1130 1110
875 875 1131 1000
876 876 1132 1110
877 877 1133 0001
878 878 1134 1000
879 879 1135 0111
880 880 1136 0111
881 881 1137 1110
882 882 1138 0111
883 883 1139 1110
884 884 1140 0111
885 885 1141 0111
886 886 1142 1110
887 887 1143 0111
888 888 1144 0111
889 889 1145 0001
890 890 1146 1110
891 891 1147 1110
892 892 1148 0111
893 893 1149 0001
894 894 1150 0111
895 895 1151 0111
896 896 1152 0001
897 897 1153 1000
898 898 1154 1000
899 899 1155 0111
900 900 1156 0111
901 901 1157 0111
902 902 1158 0111
903 903 1159 0111
904 904 1160 0001
905 905 1161 1000
906 906 1162 0001
907 907 1163 0111
908 908 1164 0111
909 909 1165 0111
910 910 1166 1110
911 911 1167 0001
912 912 1168 0111
913 913 1169 1000
914 914 1170 0001
915 915 1171 1000
916 916 1172 1000
917 917 1173 1110
918 918 1174 1000
919 919 1175 1000
920 920 1176 1000
921 921 1177 1110
922 922 1178 1000
923 923 1179 1110
924 924 1180 0001
925 925 1181 0001
926 926 1182 1000
927 927 1183 0111
928 928 1184 0001
929 929 1185 1110
930 930 1186 1110
931 931 1187 1110
932 932 1188 0111
933 933 1189 1000
934 934 1190 1000
935 935 1191 0111
936 936 1192 0111
937 937 1193 0001
938 938 1194 1000
939 939 1195 0001
940 940 1196 1110
941 941 1197 1000
942 942 1198 1000
943 943 1199 0001
944 944 1200 1000
945 945 1201 1110
946 946 1202 0111
947 947 1203 0111
948 948 1204 0001
949 949 1205 0111
950 950 1206 1110
951 951 1207 0001
952 952 1208 0111
953 953 1209 0111
954 954 1210 0001
955 955 1211 1000
956 956 1212 0001
957 957 1213 0111
958 958 1214 1110
959 959 1215 0111
960 960 1216 1000
961 961 1217 0001
962 962 1218 0001
963 963 1219 0111
964 964 1220 0111
965 965 1221 1110
966 966 1222 0001
967 967 1223 1000
968 968 1224 0111
969 969 1225 1110
970 970 1226 1110
971 971 1227 1000
972 972 1228 1000
973 973 1229 1000
974 974 1230 1000
975 975 1231 1000
976 976 1232 1110
977 977 1233 0001
978 978 1234 1110
979 979 1235 1110
980 980 1236 1000
981 981 1237 0001
982 982 1238 1110
983 983 1239 1000
984 984 1240 0111
985 985 1241 0111
986 986 1242 0001
987 987 1243 0111
988 988 1244 0111
989 989 1245 0111
990 990 1246 1000
991 991 1247 0001
992 992 1248 1000
993 993 1249 1110
994 994 1250 1000
995 995 1251 1110
996 996 1252 1000
997 997 1253 0001
998 998 1254 1000
999 999 1255 0001
1000 1000 1256 0001
1001 1001 1257 1110
1002 1002 1258 0001
1003 1003 1259 0111
1004 1004 1260 1110
1005 1005 1261 0111
1006 1006 1262 1110
1007 1007 1263 0001
1008 1008 1264 0001
1009 1009 1265 0111
1010 1010 1266 0111
1011 1011 1267 1110
1012 1012 1268 0001
1013 1013 1269 0111
1014 1014 1270 1110
1015 1015 1271 0001
1016 1016 1272 1000
1017 1017 1273 1000
1018 1018 1274 0111
1019 1019 1275 0111
1020 1020 1276 0111
1021 1021 1277 0111
1022 1022 1278 0111
1023 1023 1279 0111
1024 1024 1280 0111
1025 1025 1281 0001
1026 1026 1282 1110
1027 1027 1283 0111
1028 1028 1284 0001
1029 1029 1285 0001
1030 1030 1286 0111
1031 1031 1287 0001
1032 1032 1288 1000
1033 1033 1289 0111
1034 1034 1290 1110
1035 1035 1291 0001
1036 1036 1292 0111
1037 1037 1293 1000
1038 1038 1294 0001
1039 1039 1295 0001
1040 1040 1296 1110
1041 1041 1297 0111
1042 1042 1298 1110
1043 1043 1299 0001
1044 1044 1300 0111
1045 1045 1301 0001
1046 1046 1302 0111
1047 1047 1303 1110
1048 1048 1304 1000
1049 1049 1305 0111
1050 1050 1306 0111
1051 1051 1307 0001
1052 1052 1308 0001
1053 1053 1309 1000
1054 1054 1310 0111
1055 1055 1311 1000
1056 1056 1312 0001
1057 1057 1313 1000
1058 1058 1314 0111
1059 1059 1315 0001
1060 1060 1316 0111
1061 1061 1317 0001
1062 1062 1318 0111
1063 1063 1319 0001
1064 1064 1320 1110
1065 1065 1321 0001
1066 1066 1322 0111
1067 1067 1323 1000
1068 1068 1324 1110
1069 1069 1325 1000
1070 1070 1326 0111
1071 1071 1327 1000
1072 1072 1328 0111
1073 1073 1329 0111
1074 1074 1330 0001
1075 1075 1331 0001
1076 1076 1332 1000
1077 1077 1333 1000
1078 1078 1334 1000
1079 1079 1335 0111
1080 1080 1336 1110
1081 1081 1337 1000
1082 1082 1338 0001
1083 1083 1339 1110
1084 1084 1340 1110
1085 1085 1341 0111
1086 1086 1342 1000
1087 1087 1343 0111
1088 1088 1344 0001
1089 1089 1345 1000
1090 1090 1346 1000
1091 1091 1347 1000
1092 1092 1348 1110
1093 1093 1349 0111
1094 1094 1350 1110
1095 1095 1351 1110
1096 1096 1352 0001
1097 1097 1353 0001
1098 1098 1354 0001
1099 1099 1355 0111
1100 1100 1356 1000
1101 1101 1357 0001
1102 1102 1358 0111
1103 1103 1359 1000
1104 1104 1360 1000
1105 1105 1361 1000
1106 1106 1362 1110
1107 1107 1363 1000
1108 1108 1364 1110
1109 1109 1365 1000
1110 1110 1366 0111
1111 1111 1367 0001
1112 1112 1368 0001
1113 1113 1369 1000
1114 1114 1370 0001
1115 1115 1371 0111
1116 1116 1372 0001
1117 1117 1373 1000
1118 1118 1374 0001
1119 1119 1375 0001
1120 1120 1376 0111
1121 1121 1377 1110
1122 1122 1378 0111
1123 1123 1379 1110
1124 1124 1380 0001
1125 1125 1381 1110
1126 1126 1382 1110
1127 1127 1383 0001
1128 1128 1384 1000
1129 1129 1385 1000
1130 1130 1386 1000
1131 1131 1387 1110
1132 1132 1388 0111
1133 1133 1389 1110
1134 1134 1390 1110
1135 1135 1391 1000
1136 1136 1392 1000
1137 1137 1393 0111
1138 1138 1394 0111
1139 1139 1395 0111
1140 1140 1396 1000
1141 1141 1397 1000
1142 1142 1398 0111
1143 1143 1399 1000
1144 1144 1400 1000
1145 1145 1401 0001
1146 1146 1402 0111
1147 1147 1403 0111
1148 1148 1404 0111
1149 1149 1405 1110
1150 1150 1406 1000
1151 1151 1407 0111
1152 1152 1408 0001
1153 1153 1409 0001
1154 1154 1410 0001
1155 1155 1411 1000
1156 1156 1412 1000
1157 1157 1413 0111
1158 1158 1414 1000
1159 1159 1415 0111
1160 1160 1416 0001
1161 1161 1417 1110
1162 1162 1418 1110
1163 1163 1419 1000
1164 1164 1420 0111
1165 1165 1421 0111
1166 1166 1422 1000
1167 1167 1423 1110
1168 1168 1424 0111
1169 1169 1425 1110
1170 1170 1426 0001
1171 1171 1427 0001
1172 1172 1428 0001
1173 1173 1429 1000
1174 1174 1430 1110
1175 1175 1431 0001
1176 1176 1432 1110
1177 1177 1433 0111
1178 1178 1434 0001
1179 1179 1435 1000
1180 1180 1436 1110
1181 1181 1437 1110
1182 1182 1438 0001
1183 1183 1439 0111
1184 1184 1440 1110
1185 1185 1441 0111
1186 1186 1442 1000
1187 1187 1443 1000
1188 1188 1444 0111
1189 1189 1445 1110
1190 1190 1446 1110
1191 1191 1447 1000
1192 1192 1448 1000
1193 1193 1449 0001
1194 1194 1450 0001
1195 1195 1451 1110
1196 1196 1452 1000
1197 1197 1453 1110
1198 1198 1454 0001
1199 1199 1455 1110
1200 1200 1456 1110
1201 1201 1457 1000
1202 1202 1458 1000
1203 1203 1459 0111
1204 1204 1460 1110
1205 1205 1461 0111
1206 1206 1462 0111
1207 1207 1463 1110
1208 1208 1464 1000
1209 1209 1465 1000
1210 1210 1466 0001
1211 1211 1467 0001
1212 1212 1468 0001
1213 1213 1469 0111
1214 1214 1470 0111
1215 1215 1471 0111
1216 1216 1472 0001
1217 1217 1473 0001
1218 1218 1474 0001
1219 1219 1475 0111
1220 1220 1476 1000
1221 1221 1477 0111
1222 1222 1478 1110
1223 1223 1479 1110
1224 1224 1480 1000
1225 1225 1481 0111
1226 1226 1482 0111
1227 1227 1483 0001
1228 1228 1484 0001
1229 1229 1485 1110
1230 1230 1486 0001
1231 1231 1487 0001
1232 1232 1488 0111
1233 1233 1489 0001
1234 1234 1490 0111
1235 1235 1491 0111
1236 1236 1492 1110
1237 1237 1493 1110
1238 1238 1494 1000
1239 1239 1495 0001
1240 1240 1496 1000
1241 1241 1497 1000
1242 1242 1498 0001
1243 1243 1499 1000
1244 1244 1500 0111
1245 1245 1501 1000
1246 1246 1502 0001
1247 1247 1503 1110
1248 1248 1504 1110
1249 1249 1505 0111
1250 1250 1506 1110
1251 1251 1507 0111
1252 1252 1508 1110
1253 1253 1509 0001
1254 1254 1510 1110
1255 1255 1511 0001
1256 1256 1512 0001
1257 1257 1513 1000
1258 1258 1514 1110
1259 1259 1515 0111
1260 1260 1516 0111
1261 1261 1517 1000
1262 1262 1518 1000
1263 1263 1519 0001
1264 1264 1520 1110
1265 1265 1521 1000
1266 1266 1522 1000
1267 1267 1523 1000
1268 1268 1524 1110
1269 1269 1525 0111
1270 1270 1526 1000
1271 1271 1527 0001
1272 1272 1528 1110
1273 1273 1529 1110
1274 1274 1530 1000
1275 1275 1531 1000
1276 1276 1532 1000
1277 1277 1533 1000
1278 1278 1534 1000
1279 1279 1535 1000
1280 1280 1536 1000
1281 1281 1537 1110
1282 1282 1538 1000
1283 1283 1539 1000
1284 1284 1540 0001
1285 1285 1541 0001
1286 1286 1542 0111
1287 1287 1543 1110
1288 1288 1544 0001
1289 1289 1545 1000
1290 1290 1546 0111
1291 1291 1547 1110
1292 1292 1548 0111
1293 1293 1549 0001
1294 1294 1550 1110
1295 1295 1551 1110
1296 1296 1552 0111
1297 1297 1553 0111
1298 1298 1554 1000
1299 1299 1555 1110
1300 1300 1556 0111
1301 1301 1557 1110
1302 1302 1558 1000
1303 1303 1559 1000
1304 1304 1560 1110
1305 1305 1561 0111
1306 1306 1562 1000
1307 1307 1563 0001
1308 1308 1564 0001
1309 1309 1565 0001
1310 1310 1566 1000
1311 1311 1567 0001
1312 1312 1568 0001
1313 1313 1569 1110
1314 1314 1570 1000
1315 1315 1571 1110
1316 1316 1572 1000
1317 1317 1573 0001
1318 1318 1574 0111
1319 1319 1575 0001
1320 1320 1576 1000
1321 1321 1577 1110
1322 1322 1578 0111
1323 1323 1579 1110
1324 1324 1580 1000
1325 1325 1581 0001
1326 1326 1582 1000
1327 1327 1583 0001
1328 1328 1584 0111
1329 1329 1585 1000
1330 1330 1586 1110
1331 1331 1587 1110
1332 1332 1588 1110
1333 1333 1589 0001
1334 1334 1590 1110
1335 1335 1591 1000
1336 1336 1592 1000
1337 1337 1593 0001
1338 1338 1594 1110
1339 1339 1595 1000
1340 1340 1596 1000
1341 1341 1597 1000
1342 1342 1598 0001
1343 1343 1599 0111
1344 1344 1600 1110
1345 1345 1601 0001
1346 1346 1602 0001
1347 1347 1603 1110
1348 1348 1604 0111
1349 1349 1605 0111
1350 1350 1606 1000
1351 1351 1607 1000
1352 1352 1608 0001
1353 1353 1609 1110
1354 1354 1610 0001
1355 1355 1611 0111
1356 1356 1612 0001
1357 1357 1613 0001
1358 1358 1614 0111
1359 1359 1615 1110
1360 1360 1616 0001
1361 1361 1617 1110
1362 1362 1618 1000
1363 1363 1619 0001
1364 1364 1620 0111
1365 1365 1621 1110
1366 1366 1622 1000
1367 1367 1623 1110
1368 1368 1624 0001
1369 1369 1625 1110
1370 1370 1626 1110
1371 1371 1627 0111
1372 1372 1628 0001
1373 1373 1629 1110
1374 1374 1630 0001
1375 1375 1631 1110
1376 1376 1632 0111
1377 1377 1633 0111
1378 1378 1634 1000
1379 1379 1635 1000
1380 1380 1636 0001
1381 1381 1637 1000
1382 1382 1638 0111
1383 1383 1639 0001
1384 1384 1640 0001
1385 1385 1641 0001
1386 1386 1642 0001
1387 1387 1643 1000
1388 1388 1644 1000
1389 1389 1645 1000
1390 1390 1646 1000
1391 1391 1647 1110
1392 1392 1648 1110
1393 1393 1649 0111
1394 1394 1650 1000
1395 1395 1651 1000
1396 1396 1652 0001
1397 1397 1653 1110
1398 1398 1654 1000
1399 1399 1655 0001
1400 1400 1656 1110
1401 1401 1657 0001
1402 1402 1658 1000
1403 1403 1659 0111
1404 1404 1660 0111
1405 1405 1661 1000
1406 1406 1662 0001
1407 1407 1663 0111
1408 1408 1664 0001
1409 1409 1665 0001
1410 1410 1666 1110
1411 1411 1667 0001
1412 1412 1668 1110
1413 1413 1669 0111
1414 1414 1670 1110
1415 1415 1671 1000
1416 1416 1672 1110
1417 1417 1673 0111
1418 1418 1674 1000
1419 1419 1675 0001
1420 1420 1676 1000
1421 1421 1677 0111
1422 1422 1678 1110
1423 1423 1679 1000
1424 1424 1680 0111
1425 1425 1681 1000
1426 1426 1682 1110
1427 1427 1683 1110
1428 1428 1684 0001
1429 1429 1685 0001
1430 1430 1686 1000
1431 1431 1687 1110
1432 1432 1688 0111
1433 1433 1689 1000
1434 1434 1690 1110
1435 1435 1691 0001
1436 1436 1692 0111
1437 1437 1693 0111
1438 1438 1694 1110
1439 1439 1695 1000
1440 1440 1696 1000
1441 1441 1697 1000
1442 1442 1698 1110
1443 1443 1699 1110
1444 1444 1700 0111
1445 1445 1701 1000
1446 1446 1702 1000
1447 1447 1703 1110
1448 1448 1704 1110
1449 1449 1705 0001
1450 1450 1706 0001
1451 1451 1707 0111
1452 1452 1708 1110
1453 1453 1709 0111
1454 1454 1710 1110
1455 1455 1711 1000
1456 1456 1712 1000
1457 1457 1713 0001
1458 1458 1714 1110
1459 1459 1715 0111
1460 1460 1716 1000
1461 1461 1717 0111
1462 1462 1718 1000
1463 1463 1719 1000
1464 1464 1720 0001
1465 1465 1721 1110
1466 1466 1722 0001
1467 1467 1723 1110
1468 1468 1724 0001
1469 1469 1725 1000
1470 1470 1726 0111
1471 1471 1727 0111
1472 1472 1728 0001
1473 1473 1729 0001
1474 1474 1730 1110
1475 1475 1731 1000
1476 1476 1732 0001
1477 1477 1733 1000
1478 1478 1734 1000
1479 1479 1735 1000
1480 1480 1736 0001
1481 1481 1737 0111
1482 1482 1738 1000
1483 1483 1739 0001
1484 1484 1740 1110
1485 1485 1741 1000
1486 1486 1742 0001
1487 1487 1743 0001
1488 1488 1744 1000
1489 1489 1745 1110
1490 1490 1746 1000
1491 1491 1747 0111
1492 1492 1748 1000
1493 1493 1749 0111
1494 1494 1750 0001
1495 1495 1751 0001
1496 1496 1752 1110
1497 1497 1753 1110
1498 1498 1754 1110
1499 1499 1755 0001
1500 1500 1756 0111
1501 1501 1757 0001
1502 1502 1758 1110
1503 1503 1759 0111
1504 1504 1760 1000
1505 1505 1761 1000
1506 1506 1762 1000
1507 1507 1763 1000
1508 1508 1764 1000
1509 1509 1765 1110
1510 1510 1766 1000
1511 1511 1767 1110
1512 1512 1768 0001
1513 1513 1769 0001
1514 1514 1770 0111
1515 1515 1771 1000
1516 1516 1772 1000
1517 1517 1773 0001
1518 1518 1774 1110
1519 1519 1775 0001
1520 1520 1776 0111
1521 1521 1777 0001
1522 1522 1778 1110
1523 1523 1779 0001
1524 1524 1780 1000
1525 1525 1781 1000
1526 1526 1782 1110
1527 1527 1783 0001
1528 1528 1784 0111
1529 1529 1785 1000
1530 1530 1786 1110
1531 1531 1787 1110
1532 1532 1788 0001
1533 1533 1789 1110
1534 1534 1790 0001
1535 1535 1791 0001
1536 1536 1792 1110
1537 1537 1793 0111
1538 1538 1794 0001
1539 1539 1795 1110
1540 260 1796 1001
1541 261 1797 0110
1542 262 1798 1001
1543 263 1799 1001
1544 264 1800 0110
1545 265 1801 0110
1546 266 1802 1001
1547 267 1803 0110
1548 268 1804 1001
1549 269 1805 1001
1550 270 1806 0110
1551 271 1807 1001
1552 272 1808 1001
1553 273 1809 0110
1554 274 1810 0110
1555 275 1811 1001
1556 276 1812 0110
1557 277 1813 1001
1558 278 1814 1001
1559 279 1815 1001
1560 280 1816 1001
1561 281 1817 0110
1562 282 1818 1001
1563 283 1819 0110
1564 284 1820 1001
1565 285 1821 1001
1566 286 1822 0110
1567 287 1823 0110
1568 288 1824 1001
1569 289 1825 0110
1570 290 1826 0110
1571 291 1827 0110
1572 292 1828 0110
1573 293 1829 0110
1574 294 1830 1001
1575 295 1831 1001
1576 296 1832 1001
1577 297 1833 1001
1578 298 1834 1001
1579 299 1835 0110
1580 300 1836 1001
1581 301 1837 1001
1582 302 1838 0110
1583 303 1839 1001
1584 304 1840 1001
1585 305 1841 1001
1586 306 1842 1001
1587 307 1843 0110
1588 308 1844 0110
1589 309 1845 1001
1590 310 1846 0110
1591 311 1847 1001
1592 312 1848 1001
1593 313 1849 0110
1594 314 1850 1001
1595 315 1851 0110
1596 316 1852 1001
1597 317 1853 0110
1598 318 1854 0110
1599 319 1855 1001
1600 320 1856 1001
1601 321 1857 1001
1602 322 1858 1001
1603 323 1859 0110
1604 324 1860 0110
1605 325 1861 1001
1606 326 1862 0110
1607 327 1863 0110
1608 328 1864 0110
1609 329 1865 1001
1610 330 1866 1001
1611 331 1867 1001
1612 332 1868 0110
1613 333 1869 1001
1614 334 1870 1001
1615 335 1871 0110
1616 336 1872 1001
1617 337 1873 1001
1618 338 1874 1001
1619 339 1875 0110
1620 340 1876 0110
1621 341 1877 1001
1622 342 1878 0110
1623 343 1879 1001
1624 344 1880 0110
1625 345 1881 1001
1626 346 1882 1001
1627 347 1883 1001
1628 348 1884 1001
1629 349 1885 1001
1630 350 1886 1001
1631 351 1887 1001
1632 352 1888 1001
1633 353 1889 0110
1634 354 1890 0110
1635 355 1891 1001
1636 356 1892 0110
1637 357 1893 1001
1638 358 1894 1001
1639 359 1895 0110
1640 360 1896 0110
1641 361 1897 1001
1642 362 1898 0110
1643 363 1899 0110
1644 364 1900 0110
1645 365 1901 1001
1646 366 1902 0110
1647 367 1903 0110
1648 368 1904 1001
1649 369 1905 1001
1650 370 1906 0110
1651 371 1907 0110
1652 372 1908 1001
1653 373 1909 0110
1654 374 1910 1001
1655 375 1911 1001
1656 376 1912 0110
1657 377 1913 0110
1658 378 1914 0110
1659 379 1915 0110
1660 380 1916 1001
1661 381 1917 1001
1662 382 1918 1001
1663 383 1919 1001
1664 384 1920 1001
1665 385 1921 1001
1666 386 1922 0110
1667 387 1923 0110
1668 388 1924 1001
1669 389 1925 0110
1670 390 1926 1001
1671 391 1927 0110
1672 392 1928 1001
1673 393 1929 1001
1674 394 1930 0110
1675 395 1931 1001
1676 396 1932 1001
1677 397 1933 1001
1678 398 1934 0110
1679 399 1935 0110
1680 400 1936 0110
1681 401 1937 0110
1682 402 1938 1001
1683 403 1939 0110
1684 404 1940 0110
1685 405 1941 0110
1686 406 1942 1001
1687 407 1943 1001
1688 408 1944 1001
1689 409 1945 1001
1690 410 1946 0110
1691 411 1947 1001
1692 412 1948 1001
1693 413 1949 1001
1694 414 1950 1001
1695 415 1951 0110
1696 416 1952 0110
1697 417 1953 0110
1698 418 1954 1001
1699 419 1955 1001
1700 420 1956 1001
1701 421 1957 1001
1702 422 1958 1001
1703 423 1959 0110
1704 424 1960 1001
1705 425 1961 1001
1706 426 1962 0110
1707 427 1963 1001
1708 428 1964 1001
1709 429 1965 0110
1710 430 1966 1001
1711 431 1967 1001
1712 432 1968 1001
1713 433 1969 0110
1714 434 1970 1001
1715 435 1971 0110
1716 436 1972 0110
1717 437 1973 0110
1718 438 1974 1001
1719 439 1975 0110
1720 440 1976 1001
1721 441 1977 1001
1722 442 1978 1001
1723 443 1979 1001
1724 444 1980 0110
1725 445 1981 0110
1726 446 1982 0110
1727 447 1983 0110
1728 448 1984 0110
1729 449 1985 0110
1730 450 1986 0110
1731 451 1987 0110
1732 452 1988 0110
1733 453 1989 1001
1734 454 1990 0110
1735 455 1991 1001
1736 456 1992 0110
1737 457 1993 1001
1738 458 1994 1001
1739 459 1995 1001
1740 460 1996 1001
1741 461 1997 1001
1742 462 1998 0110
1743 463 1999 0110
1744 464 2000 1001
1745 465 2001 1001
1746 466 2002 0110
1747 467 2003 1001
1748 468 2004 1001
1749 469 2005 1001
1750 470 2006 1001
1751 471 2007 1001
1752 472 2008 1001
1753 473 2009 0110
1754 474 2010 0110
1755 475 2011 1001
1756 476 2012 1001
1757 477 2013 0110
1758 478 2014 0110
1759 479 2015 0110
1760 480 2016 1001
1761 481 2017 1001
1762 482 2018 0110
1763 483 2019 0110
1764 484 2020 0110
1765 485 2021 0110
1766 486 2022 0110
1767 487 2023 1001
1768 488 2024 0110
1769 489 2025 1001
1770 490 2026 1001
1771 491 2027 0110
1772 492 2028 1001
1773 493 2029 0110
1774 494 2030 0110
1775 495 2031 1001
1776 496 2032 0110
1777 497 2033 1001
1778 498 2034 0110
1779 499 2035 0110
1780 500 2036 0110
1781 501 2037 1001
1782 502 2038 1001
1783 503 2039 0110
1784 504 2040 0110
1785 505 2041 1001
1786 506 2042 0110
1787 507 2043 1001
1788 508 2044 0110
1789 509 2045 1001
1790 510 2046 1001
1791 511 2047 0110
1792 512 2048 1001
1793 513 2049 1001
1794 514 2050 0110
1795 515 2051 0110
259 259 2052 0111
2052 516 2053 1110
259 1796 2054 0111
2053 2054 2055 1110
259 259 2056 1000
2056 517 2057 0100
259 1797 2058 0100
2057 2058 2059 1000
259 259 2060 0111
2060 518 2061 0001
259 1798 2062 0100
2061 2062 2063 1000
259 259 2064 0111
2064 519 2065 1110
259 1799 2066 1011
2065 2066 2067 1110
259 259 2068 0111
2068 520 2069 0001
259 1800 2070 1011
2069 2070 2071 0100
259 259 2072 0111
2072 521 2073 0001
259 1801 2074 0100
2073 2074 2075 1000
259 259 2076 1000
2076 522 2077 0100
259 1802 2078 0100
2077 2078 2079 0111
259 259 2080 1000
2080 523 2081 1011
259 1803 2082 1000
2081 2082 2083 1101
259 259 2084 0111
2084 524 2085 1110
259 1804 2086 0100
2085 2086 2087 0010
259 259 2088 1000
2088 525 2089 0100
259 1805 2090 1000
2089 2090 2091 1000
259 259 2092 0111
2092 526 2093 0001
259 1806 2094 1000
2093 2094 2095 0111
259 259 2096 1000
2096 527 2097 0100
259 1807 2098 0100
2097 2098 2099 0111
259 259 2100 1000
2100 528 2101 0100
259 1808 2102 0100
2101 2102 2103 1000
259 259 2104 0111
2104 529 2105 0001
259 1809 2106 1000
2105 2106 2107 0111
259 259 2108 1000
2108 530 2109 1011
259 1810 2110 0100
2109 2110 2111 0010
259 259 2112 1000
2112 531 2113 0100
259 1811 2114 0100
2113 2114 2115 0111
259 259 2116 0111
2116 532 2117 1110
259 1812 2118 1000
2117 2118 2119 0010
259 259 2120 1000
2120 533 2121 0100
259 1813 2122 1011
2121 2122 2123 0100
259 259 2124 1000
2124 534 2125 1011
259 1814 2126 1000
2125 2126 2127 1101
259 259 2128 1000
2128 535 2129 0100
259 1815 2130 1000
2129 2130 2131 1000
259 259 2132 0111
2132 536 2133 0001
259 1816 2134 1011
2133 2134 2135 1011
259 259 2136 0111
2136 537 2137 1110
259 1817 2138 0111
2137 2138 2139 0001
259 259 2140 1000
2140 538 2141 1011
259 1818 2142 0111
2141 2142 2143 1110
259 259 2144 1000
2144 539 2145 0100
259 1819 2146 0100
2145 2146 2147 1000
259 259 2148 0111
2148 540 2149 1110
259 1820 2150 0111
2149 2150 2151 1110
259 259 2152 0111
2152 541 2153 1110
259 1821 2154 0111
2153 2154 2155 1110
259 259 2156 0111
2156 542 2157 1110
259 1822 2158 0100
2157 2158 2159 0010
259 259 2160 1000
2160 543 2161 0100
259 1823 2162 1011
2161 2162 2163 0100
259 259 2164 0111
2164 544 2165 0001
259 1824 2166 1000
2165 2166 2167 0111
259 259 2168 0111
2168 545 2169 1110
259 1825 2170 0111
2169 2170 2171 1110
259 259 2172 0111
2172 546 2173 1110
259 1826 2174 1011
2173 2174 2175 1110
259 259 2176 1000
2176 547 2177 1011
259 1827 2178 0111
2177 2178 2179 1110
259 259 2180 1000
2180 548 2181 1011
259 1828 2182 0100
2181 2182 2183 1101
259 259 2184 0111
2184 549 2185 0001
259 1829 2186 0100
2185 2186 2187 1000
259 259 2188 1000
2188 550 2189 1011
259 1830 2190 0100
2189 2190 2191 1101
259 259 2192 1000
2192 551 2193 0100
259 1831 2194 1000
2193 2194 2195 0111
259 259 2196 1000
2196 552 2197 0100
259 1832 2198 1000
2197 2198 2199 0111
259 259 2200 1000
2200 553 2201 0100
259 1833 2202 0100
2201 2202 2203 1000
259 259 2204 1000
2204 554 2205 1011
259 1834 2206 1011
2205 2206 2207 0001
259 259 2208 0111
2208 555 2209 0001
259 1835 2210 1000
2209 2210 2211 0111
259 259 2212 0111
2212 556 2213 0001
259 1836 2214 0111
2213 2214 2215 1011
259 259 2216 0111
2216 557 2217 1110
259 1837 2218 1000
2217 2218 2219 1101
259 259 2220 0111
2220 558 2221 0001
259 1838 2222 0100
2221 2222 2223 1000
259 259 2224 1000
2224 559 2225 1011
259 1839 2226 0111
2225 2226 2227 0001
259 259 2228 1000
2228 560 2229 1011
259 1840 2230 0100
2229 2230 2231 1101
259 259 2232 1000
2232 561 2233 0100
259 1841 2234 0111
2233 2234 2235 0100
259 259 2236 1000
2236 562 2237 1011
259 1842 2238 1011
2237 2238 2239 1110
259 259 2240 0111
2240 563 2241 0001
259 1843 2242 0111
2241 2242 2243 0100
259 259 2244 0111
2244 564 2245 1110
259 1844 2246 1000
2245 2246 2247 1101
259 259 2248 1000
2248 565 2249 0100
259 1845 2250 0111
2249 2250 2251 1011
259 259 2252 1000
2252 566 2253 0100
259 1846 2254 1000
2253 2254 2255 1000
259 259 2256 1000
2256 567 2257 1011
259 1847 2258 1000
2257 2258 2259 0010
259 259 2260 0111
2260 568 2261 0001
259 1848 2262 1000
2261 2262 2263 1000
259 259 2264 0111
2264 569 2265 0001
259 1849 2266 0100
2265 2266 2267 0111
259 259 2268 1000
2268 570 2269 1011
259 1850 2270 1011
2269 2270 2271 1110
259 259 2272 0111
2272 571 2273 1110
259 1851 2274 1011
2273 2274 2275 0001
259 259 2276 0111
2276 572 2277 0001
259 1852 2278 1000
2277 2278 2279 0111
259 259 2280 1000
2280 573 2281 1011
259 1853 2282 1011
2281 2282 2283 0001
259 259 2284 0111
2284 574 2285 0001
259 1854 2286 0100
2285 2286 2287 1000
259 259 2288 0111
2288 575 2289 1110
259 1855 2290 1011
2289 2290 2291 1110
259 259 2292 1000
2292 576 2293 1011
259 1856 2294 1011
2293 2294 2295 1110
259 259 2296 0111
2296 577 2297 1110
259 1857 2298 0111
2297 2298 2299 0001
259 259 2300 1000
2300 578 2301 0100
259 1858 2302 1000
2301 2302 2303 0111
259 259 2304 1000
2304 579 2305 1011
259 1859 2306 0111
2305 2306 2307 0001
259 259 2308 0111
2308 580 2309 1110
259 1860 2310 0111
2309 2310 2311 0001
259 259 2312 0111
2312 581 2313 0001
259 1861 2314 1011
2313 2314 2315 1011
259 259 2316 1000
2316 582 2317 1011
259 1862 2318 0100
2317 2318 2319 0010
259 259 2320 1000
2320 583 2321 1011
259 1863 2322 0100
2321 2322 2323 0010
259 259 2324 1000
2324 584 2325 0100
259 1864 2326 0100
2325 2326 2327 1000
259 259 2328 1000
2328 585 2329 1011
259 1865 2330 1011
2329 2330 2331 1110
259 259 2332 1000
2332 586 2333 1011
259 1866 2334 0111
2333 2334 2335 1110
259 259 2336 1000
2336 587 2337 1011
259 1867 2338 1011
2337 2338 2339 0001
259 259 2340 0111
2340 588 2341 0001
259 1868 2342 1011
2341 2342 2343 0100
259 259 2344 1000
2344 589 2345 0100
259 1869 2346 0111
2345 2346 2347 0100
259 259 2348 0111
2348 590 2349 0001
259 1870 2350 0100
2349 2350 2351 1000
259 259 2352 0111
2352 591 2353 1110
259 1871 2354 1000
2353 2354 2355 0010
259 259 2356 0111
2356 592 2357 1110
259 1872 2358 1000
2357 2358 2359 1101
259 259 2360 1000
2360 593 2361 0100
259 1873 2362 0100
2361 2362 2363 0111
259 259 2364 1000
2364 594 2365 0100
259 1874 2366 1000
2365 2366 2367 1000
259 259 2368 0111
2368 595 2369 1110
259 1875 2370 1011
2369 2370 2371 1110
259 259 2372 0111
2372 596 2373 0001
259 1876 2374 0111
2373 2374 2375 1011
259 259 2376 0111
2376 597 2377 0001
259 1877 2378 1011
2377 2378 2379 0100
259 259 2380 1000
2380 598 2381 0100
259 1878 2382 1011
2381 2382 2383 0100
259 259 2384 1000
2384 599 2385 1011
259 1879 2386 1011
2385 2386 2387 1110
259 259 2388 0111
2388 600 2389 1110
259 1880 2390 1011
2389 2390 2391 0001
259 259 2392 0111
2392 601 2393 1110
259 1881 2394 0100
2393 2394 2395 0010
259 259 2396 0111
2396 602 2397 1110
259 1882 2398 1011
2397 2398 2399 0001
259 259 2400 0111
2400 603 2401 1110
259 1883 2402 1011
2401 2402 2403 1110
259 259 2404 1000
2404 604 2405 0100
259 1884 2406 1000
2405 2406 2407 1000
259 259 2408 0111
2408 605 2409 1110
259 1885 2410 1011
2409 2410 2411 1110
259 259 2412 0111
2412 606 2413 0001
259 1886 2414 1000
2413 2414 2415 1000
259 259 2416 1000
2416 607 2417 0100
259 1887 2418 0100
2417 2418 2419 0111
259 259 2420 1000
2420 608 2421 1011
259 1888 2422 1011
2421 2422 2423 0001
259 259 2424 1000
2424 609 2425 1011
259 1889 2426 0111
2425 2426 2427 0001
259 259 2428 1000
2428 610 2429 0100
259 1890 2430 0100
2429 2430 2431 0111
259 259 2432 0111
2432 611 2433 0001
259 1891 2434 1000
2433 2434 2435 1000
259 259 2436 0111
2436 612 2437 0001
259 1892 2438 0100
2437 2438 2439 0111
259 259 2440 0111
2440 613 2441 1110
259 1893 2442 1000
2441 2442 2443 1101
259 259 2444 0111
2444 614 2445 1110
259 1894 2446 0100
2445 2446 2447 0010
259 259 2448 1000
2448 615 2449 0100
259 1895 2450 1011
2449 2450 2451 1011
259 259 2452 0111
2452 616 2453 0001
259 1896 2454 0100
2453 2454 2455 0111
259 259 2456 0111
2456 617 2457 1110
259 1897 2458 0111
2457 2458 2459 0001
259 259 2460 0111
2460 618 2461 1110
259 1898 2462 1011
2461 2462 2463 0001
259 259 2464 1000
2464 619 2465 1011
259 1899 2466 1011
2465 2466 2467 0001
259 259 2468 0111
2468 620 2469 1110
259 1900 2470 0100
2469 2470 2471 0010
259 259 2472 1000
2472 621 2473 1011
259 1901 2474 1000
2473 2474 2475 0010
259 259 2476 0111
2476 622 2477 0001
259 1902 2478 1011
2477 2478 2479 1011
259 259 2480 1000
2480 623 2481 1011
259 1903 2482 0111
2481 2482 2483 1110
259 259 2484 1000
2484 624 2485 0100
259 1904 2486 1011
2485 2486 2487 1011
259 259 2488 0111
2488 625 2489 1110
259 1905 2490 1011
2489 2490 2491 1110
259 259 2492 0111
2492 626 2493 1110
259 1906 2494 0100
2493 2494 2495 1101
259 259 2496 0111
2496 627 2497 1110
259 1907 2498 0100
2497 2498 2499 1101
259 259 2500 0111
2500 628 2501 0001
259 1908 2502 1000
2501 2502 2503 1000
259 259 2504 0111
2504 629 2505 0001
259 1909 2506 0111
2505 2506 2507 0100
259 259 2508 0111
2508 630 2509 1110
259 1910 2510 0111
2509 2510 2511 0001
259 259 2512 0111
2512 631 2513 0001
259 1911 2514 0111
2513 2514 2515 0100
259 259 2516 1000
2516 632 2517 1011
259 1912 2518 0111
2517 2518 2519 0001
259 259 2520 0111
2520 633 2521 0001
259 1913 2522 1011
2521 2522 2523 1011
259 259 2524 0111
2524 634 2525 0001
259 1914 2526 0100
2525 2526 2527 1000
259 259 2528 0111
2528 635 2529 0001
259 1915 2530 1000
2529 2530 2531 1000
259 259 2532 1000
2532 636 2533 1011
259 1916 2534 1011
2533 2534 2535 0001
259 259 2536 1000
2536 637 2537 0100
259 1917 2538 0111
2537 2538 2539 0100
259 259 2540 0111
2540 638 2541 1110
259 1918 2542 1000
2541 2542 2543 1101
259 259 2544 1000
2544 639 2545 1011
259 1919 2546 1011
2545 2546 2547 0001
259 259 2548 0111
2548 640 2549 0001
259 1920 2550 0111
2549 2550 2551 0100
259 259 2552 1000
2552 641 2553 1011
259 1921 2554 0111
2553 2554 2555 1110
259 259 2556 1000
2556 642 2557 0100
259 1922 2558 0111
2557 2558 2559 1011
259 259 2560 0111
2560 643 2561 0001
259 1923 2562 1011
2561 2562 2563 1011
259 259 2564 0111
2564 644 2565 0001
259 1924 2566 0100
2565 2566 2567 1000
259 259 2568 1000
2568 645 2569 0100
259 1925 2570 1000
2569 2570 2571 1000
259 259 2572 0111
2572 646 2573 0001
259 1926 2574 1011
2573 2574 2575 1011
259 259 2576 0111
2576 647 2577 0001
259 1927 2578 0100
2577 2578 2579 1000
259 259 2580 0111
2580 648 2581 0001
259 1928 2582 0100
2581 2582 2583 1000
259 259 2584 1000
2584 649 2585 0100
259 1929 2586 0100
2585 2586 2587 1000
259 259 2588 0111
2588 650 2589 0001
259 1930 2590 0100
2589 2590 2591 0111
259 259 2592 0111
2592 651 2593 0001
259 1931 2594 1000
2593 2594 2595 0111
259 259 2596 1000
2596 652 2597 0100
259 1932 2598 0111
2597 2598 2599 1011
259 259 2600 1000
2600 653 2601 1011
259 1933 2602 0100
2601 2602 2603 0010
259 259 2604 0111
2604 654 2605 0001
259 1934 2606 1000
2605 2606 2607 1000
259 259 2608 0111
2608 655 2609 1110
259 1935 2610 0100
2609 2610 2611 1101
259 259 2612 0111
2612 656 2613 0001
259 1936 2614 0111
2613 2614 2615 0100
259 259 2616 0111
2616 657 2617 0001
259 1937 2618 1011
2617 2618 2619 0100
259 259 2620 0111
2620 658 2621 1110
259 1938 2622 0100
2621 2622 2623 0010
259 259 2624 1000
2624 659 2625 0100
259 1939 2626 1000
2625 2626 2627 1000
259 259 2628 0111
2628 660 2629 0001
259 1940 2630 0100
2629 2630 2631 1000
259 259 2632 0111
2632 661 2633 1110
259 1941 2634 1011
2633 2634 2635 1110
259 259 2636 1000
2636 662 2637 0100
259 1942 2638 0111
2637 2638 2639 0100
259 259 2640 1000
2640 663 2641 1011
259 1943 2642 0100
2641 2642 2643 0010
259 259 2644 0111
2644 664 2645 1110
259 1944 2646 0100
2645 2646 2647 1101
259 259 2648 1000
2648 665 2649 0100
259 1945 2650 0111
2649 2650 2651 0100
259 259 2652 1000
2652 666 2653 1011
259 1946 2654 1000
2653 2654 2655 0010
259 259 2656 1000
2656 667 2657 1011
259 1947 2658 0111
2657 2658 2659 0001
259 259 2660 0111
2660 668 2661 1110
259 1948 2662 1011
2661 2662 2663 0001
259 259 2664 0111
2664 669 2665 1110
259 1949 2666 1011
2665 2666 2667 0001
259 259 2668 0111
2668 670 2669 0001
259 1950 2670 1011
2669 2670 2671 1011
259 259 2672 1000
2672 671 2673 1011
259 1951 2674 0100
2673 2674 2675 1101
259 259 2676 0111
2676 672 2677 1110
259 1952 2678 0100
2677 2678 2679 0010
259 259 2680 0111
2680 673 2681 0001
259 1953 2682 0100
2681 2682 2683 0111
259 259 2684 1000
2684 674 2685 1011
259 1954 2686 0100
2685 2686 2687 0010
259 259 2688 1000
2688 675 2689 0100
259 1955 2690 1011
2689 2690 2691 1011
259 259 2692 1000
2692 676 2693 0100
259 1956 2694 1011
2693 2694 2695 1011
259 259 2696 0111
2696 677 2697 0001
259 1957 2698 0111
2697 2698 2699 1011
259 259 2700 0111
2700 678 2701 1110
259 1958 2702 0111
2701 2702 2703 1110
259 259 2704 1000
2704 679 2705 1011
259 1959 2706 0111
2705 2706 2707 0001
259 259 2708 1000
2708 680 2709 1011
259 1960 2710 0100
2709 2710 2711 0010
259 259 2712 0111
2712 681 2713 1110
259 1961 2714 1000
2713 2714 2715 1101
259 259 2716 1000
2716 682 2717 0100
259 1962 2718 1011
2717 2718 2719 0100
259 259 2720 1000
2720 683 2721 1011
259 1963 2722 0100
2721 2722 2723 1101
259 259 2724 0111
2724 684 2725 0001
259 1964 2726 0100
2725 2726 2727 1000
259 259 2728 1000
2728 685 2729 1011
259 1965 2730 0111
2729 2730 2731 0001
259 259 2732 0111
2732 686 2733 0001
259 1966 2734 0100
2733 2734 2735 0111
259 259 2736 1000
2736 687 2737 0100
259 1967 2738 0111
2737 2738 2739 1011
259 259 2740 0111
2740 688 2741 0001
259 1968 2742 0111
2741 2742 2743 1011
259 259 2744 0111
2744 689 2745 0001
259 1969 2746 0100
2745 2746 2747 0111
259 259 2748 1000
2748 690 2749 1011
259 1970 2750 1011
2749 2750 2751 1110
259 259 2752 1000
2752 691 2753 0100
259 1971 2754 1000
2753 2754 2755 1000
259 259 2756 1000
2756 692 2757 1011
259 1972 2758 0100
2757 2758 2759 0010
259 259 2760 0111
2760 693 2761 0001
259 1973 2762 0111
2761 2762 2763 1011
259 259 2764 0111
2764 694 2765 1110
259 1974 2766 1000
2765 2766 2767 1101
259 259 2768 0111
2768 695 2769 0001
259 1975 2770 1011
2769 2770 2771 0100
259 259 2772 1000
2772 696 2773 1011
259 1976 2774 0111
2773 2774 2775 0001
259 259 2776 0111
2776 697 2777 0001
259 1977 2778 1011
2777 2778 2779 0100
259 259 2780 0111
2780 698 2781 0001
259 1978 2782 0111
2781 2782 2783 1011
259 259 2784 1000
2784 699 2785 1011
259 1979 2786 1011
2785 2786 2787 0001
259 259 2788 1000
2788 700 2789 1011
259 1980 2790 1011
2789 2790 2791 0001
259 259 2792 0111
2792 701 2793 0001
259 1981 2794 1011
2793 2794 2795 1011
259 259 2796 1000
2796 702 2797 1011
259 1982 2798 1000
2797 2798 2799 0010
259 259 2800 0111
2800 703 2801 0001
259 1983 2802 1000
2801 2802 2803 1000
259 259 2804 1000
2804 704 2805 0100
259 1984 2806 1011
2805 2806 2807 1011
259 259 2808 1000
2808 705 2809 1011
259 1985 2810 0100
2809 2810 2811 0010
259 259 2812 1000
2812 706 2813 0100
259 1986 2814 0111
2813 2814 2815 1011
259 259 2816 0111
2816 707 2817 1110
259 1987 2818 1011
2817 2818 2819 0001
259 259 2820 0111
2820 708 2821 1110
259 1988 2822 0100
2821 2822 2823 0010
259 259 2824 1000
2824 709 2825 0100
259 1989 2826 0111
2825 2826 2827 0100
259 259 2828 0111
2828 710 2829 1110
259 1990 2830 0100
2829 2830 2831 1101
259 259 2832 0111
2832 711 2833 0001
259 1991 2834 0111
2833 2834 2835 0100
259 259 2836 1000
2836 712 2837 0100
259 1992 2838 1011
2837 2838 2839 0100
259 259 2840 0111
2840 713 2841 0001
259 1993 2842 0100
2841 2842 2843 0111
259 259 2844 1000
2844 714 2845 1011
259 1994 2846 1000
2845 2846 2847 1101
259 259 2848 1000
2848 715 2849 0100
259 1995 2850 1000
2849 2850 2851 1000
259 259 2852 1000
2852 716 2853 0100
259 1996 2854 1011
2853 2854 2855 1011
259 259 2856 0111
2856 717 2857 1110
259 1997 2858 0111
2857 2858 2859 0001
259 259 2860 0111
2860 718 2861 1110
259 1998 2862 1011
2861 2862 2863 1110
259 259 2864 0111
2864 719 2865 1110
259 1999 2866 1011
2865 2866 2867 1110
259 259 2868 1000
2868 720 2869 1011
259 2000 2870 1000
2869 2870 2871 0010
259 259 2872 1000
2872 721 2873 0100
259 2001 2874 0100
2873 2874 2875 0111
259 259 2876 0111
2876 722 2877 1110
259 2002 2878 0100
2877 2878 2879 0010
259 259 2880 1000
2880 723 2881 1011
259 2003 2882 0100
2881 2882 2883 1101
259 259 2884 0111
2884 724 2885 0001
259 2004 2886 0111
2885 2886 2887 1011
259 259 2888 1000
2888 725 2889 0100
259 2005 2890 0100
2889 2890 2891 0111
259 259 2892 0111
2892 726 2893 1110
259 2006 2894 0111
2893 2894 2895 1110
259 259 2896 0111
2896 727 2897 0001
259 2007 2898 1000
2897 2898 2899 0111
259 259 2900 0111
2900 728 2901 1110
259 2008 2902 0100
2901 2902 2903 1101
259 259 2904 0111
2904 729 2905 0001
259 2009 2906 1000
2905 2906 2907 0111
259 259 2908 0111
2908 730 2909 0001
259 2010 2910 1000
2909 2910 2911 0111
259 259 2912 0111
2912 731 2913 0001
259 2011 2914 0111
2913 2914 2915 0100
259 259 2916 1000
2916 732 2917 1011
259 2012 2918 0100
2917 2918 2919 0010
259 259 2920 1000
2920 733 2921 0100
259 2013 2922 1011
2921 2922 2923 0100
259 259 2924 0111
2924 734 2925 1110
259 2014 2926 1000
2925 2926 2927 0010
259 259 2928 1000
2928 735 2929 1011
259 2015 2930 1000
2929 2930 2931 0010
259 259 2932 0111
2932 736 2933 1110
259 2016 2934 1000
2933 2934 2935 0010
259 259 2936 0111
2936 737 2937 0001
259 2017 2938 1000
2937 2938 2939 1000
259 259 2940 0111
2940 738 2941 1110
259 2018 2942 0100
2941 2942 2943 1101
259 259 2944 0111
2944 739 2945 0001
259 2019 2946 0100
2945 2946 2947 1000
259 259 2948 1000
2948 740 2949 1011
259 2020 2950 1011
2949 2950 2951 0001
259 259 2952 1000
2952 741 2953 0100
259 2021 2954 0111
2953 2954 2955 0100
259 259 2956 1000
2956 742 2957 0100
259 2022 2958 0100
2957 2958 2959 0111
259 259 2960 0111
2960 743 2961 1110
259 2023 2962 0100
2961 2962 2963 0010
259 259 2964 0111
2964 744 2965 1110
259 2024 2966 1011
2965 2966 2967 1110
259 259 2968 1000
2968 745 2969 1011
259 2025 2970 0111
2969 2970 2971 0001
259 259 2972 0111
2972 746 2973 1110
259 2026 2974 0100
2973 2974 2975 1101
259 259 2976 1000
2976 747 2977 0100
259 2027 2978 0100
2977 2978 2979 1000
259 259 2980 1000
2980 748 2981 0100
259 2028 2982 0111
2981 2982 2983 0100
259 259 2984 0111
2984 749 2985 1110
259 2029 2986 0100
2985 2986 2987 1101
259 259 2988 1000
2988 750 2989 0100
259 2030 2990 1000
2989 2990 2991 0111
259 259 2992 0111
2992 751 2993 1110
259 2031 2994 0111
2993 2994 2995 1110
259 259 2996 1000
2996 752 2997 0100
259 2032 2998 0111
2997 2998 2999 0100
259 259 3000 0111
3000 753 3001 1110
259 2033 3002 0111
3001 3002 3003 0001
259 259 3004 0111
3004 754 3005 1110
259 2034 3006 0111
3005 3006 3007 0001
259 259 3008 1000
3008 755 3009 1011
259 2035 3010 0100
3009 3010 3011 0010
259 259 3012 0111
3012 756 3013 0001
259 2036 3014 1011
3013 3014 3015 1011
259 259 3016 0111
3016 757 3017 0001
259 2037 3018 1000
3017 3018 3019 0111
259 259 3020 1000
3020 758 3021 1011
259 2038 3022 0100
3021 3022 3023 0010
259 259 3024 0111
3024 759 3025 0001
259 2039 3026 1011
3025 3026 3027 1011
259 259 3028 1000
3028 760 3029 1011
259 2040 3030 0111
3029 3030 3031 1110
259 259 3032 0111
3032 761 3033 0001
259 2041 3034 1000
3033 3034 3035 1000
259 259 3036 1000
3036 762 3037 1011
259 2042 3038 1000
3037 3038 3039 0010
259 259 3040 0111
3040 763 3041 0001
259 2043 3042 0100
3041 3042 3043 0111
259 259 3044 0111
3044 764 3045 1110
259 2044 3046 0100
3045 3046 3047 1101
259 259 3048 0111
3048 765 3049 0001
259 2045 3050 1011
3049 3050 3051 0100
259 259 3052 0111
3052 766 3053 0001
259 2046 3054 1000
3053 3054 3055 0111
259 259 3056 0111
3056 767 3057 0001
259 2047 3058 0100
3057 3058 3059 0111
259 259 3060 1000
3060 768 3061 0100
259 2048 3062 0100
3061 3062 3063 0111
259 259 3064 0111
3064 769 3065 0001
259 2049 3066 1011
3065 3066 3067 0100
259 259 3068 1000
3068 770 3069 1011
259 2050 3070 0100
3069 3070 3071 0010
259 259 3072 1000
3072 771 3073 1011
259 2051 3074 1000
3073 3074 3075 0010
2055 2055 3076 0001
2059 2059 3077 1000
2063 2063 3078 1000
2067 2067 3079 0001
2071 2071 3080 1000
2075 2075 3081 1000
2079 2079 3082 0001
2083 2083 3083 0001
2087 2087 3084 1000
2091 2091 3085 1000
2095 2095 3086 0001
2099 2099 3087 0001
2103 2103 3088 1000
2107 2107 3089 0001
2111 2111 3090 1000
2115 2115 3091 0001
2119 2119 3092 1000
2123 2123 3093 1000
2127 2127 3094 0001
2131 2131 3095 1000
2135 2135 3096 0001
2139 2139 3097 1000
2143 2143 3098 0001
2147 2147 3099 1000
2151 2151 3100 0001
2155 2155 3101 0001
2159 2159 3102 1000
2163 2163 3103 1000
2167 2167 3104 0001
2171 2171 3105 0001
2175 2175 3106 0001
2179 2179 3107 0001
2183 2183 3108 0001
2187 2187 3109 1000
2191 2191 3110 0001
2195 2195 3111 0001
2199 2199 3112 0001
2203 2203 3113 1000
2207 2207 3114 1000
2211 2211 3115 0001
2215 2215 3116 0001
2219 2219 3117 0001
2223 2223 3118 1000
2227 2227 3119 1000
2231 2231 3120 0001
2235 2235 3121 1000
2239 2239 3122 0001
2243 2243 3123 1000
2247 2247 3124 0001
2251 2251 3125 0001
2255 2255 3126 1000
2259 2259 3127 1000
2263 2263 3128 1000
2267 2267 3129 0001
2271 2271 3130 0001
2275 2275 3131 1000
2279 2279 3132 0001
2283 2283 3133 1000
2287 2287 3134 1000
2291 2291 3135 0001
2295 2295 3136 0001
2299 2299 3137 1000
2303 2303 3138 0001
2307 2307 3139 1000
2311 2311 3140 1000
2315 2315 3141 0001
2319 2319 3142 1000
2323 2323 3143 1000
2327 2327 3144 1000
2331 2331 3145 0001
2335 2335 3146 0001
2339 2339 3147 1000
2343 2343 3148 1000
2347 2347 3149 1000
2351 2351 3150 1000
2355 2355 3151 1000
2359 2359 3152 0001
2363 2363 3153 0001
2367 2367 3154 1000
2371 2371 3155 0001
2375 2375 3156 0001
2379 2379 3157 1000
2383 2383 3158 1000
2387 2387 3159 0001
2391 2391 3160 1000
2395 2395 3161 1000
2399 2399 3162 1000
2403 2403 3163 0001
2407 2407 3164 1000
2411 2411 3165 0001
2415 2415 3166 1000
2419 2419 3167 0001
2423 2423 3168 1000
2427 2427 3169 1000
2431 2431 3170 0001
2435 2435 3171 1000
2439 2439 3172 0001
2443 2443 3173 0001
2447 2447 3174 1000
2451 2451 3175 0001
2455 2455 3176 0001
2459 2459 3177 1000
2463 2463 3178 1000
2467 2467 3179 1000
2471 2471 3180 1000
2475 2475 3181 1000
2479 2479 3182 0001
2483 2483 3183 0001
2487 2487 3184 0001
2491 2491 3185 0001
2495 2495 3186 0001
2499 2499 3187 0001
2503 2503 3188 1000
2507 2507 3189 1000
2511 2511 3190 1000
2515 2515 3191 1000
2519 2519 3192 1000
2523 2523 3193 0001
2527 2527 3194 1000
2531 2531 3195 1000
2535 2535 3196 1000
2539 2539 3197 1000
2543 2543 3198 0001
2547 2547 3199 1000
2551 2551 3200 1000
2555 2555 3201 0001
2559 2559 3202 0001
2563 2563 3203 0001
2567 2567 3204 1000
2571 2571 3205 1000
2575 2575 3206 0001
2579 2579 3207 1000
2583 2583 3208 1000
2587 2587 3209 1000
2591 2591 3210 0001
2595 2595 3211 0001
2599 2599 3212 0001
2603 2603 3213 1000
2607 2607 3214 1000
2611 2611 3215 0001
2615 2615 3216 1000
2619 2619 3217 1000
2623 2623 3218 1000
2627 2627 3219 1000
2631 2631 3220 1000
2635 2635 3221 0001
2639 2639 3222 1000
2643 2643 3223 1000
2647 2647 3224 0001
2651 2651 3225 1000
2655 2655 3226 1000
2659 2659 3227 1000
2663 2663 3228 1000
2667 2667 3229 1000
2671 2671 3230 0001
2675 2675 3231 0001
2679 2679 3232 1000
2683 2683 3233 0001
2687 2687 3234 1000
2691 2691 3235 0001
2695 2695 3236 0001
2699 2699 3237 0001
2703 2703 3238 0001
2707 2707 3239 1000
2711 2711 3240 1000
2715 2715 3241 0001
2719 2719 3242 1000
2723 2723 3243 0001
2727 2727 3244 1000
2731 2731 3245 1000
2735 2735 3246 0001
2739 2739 3247 0001
2743 2743 3248 0001
2747 2747 3249 0001
2751 2751 3250 0001
2755 2755 3251 1000
2759 2759 3252 1000
2763 2763 3253 0001
2767 2767 3254 0001
2771 2771 3255 1000
2775 2775 3256 1000
2779 2779 3257 1000
2783 2783 3258 0001
2787 2787 3259 1000
2791 2791 3260 1000
2795 2795 3261 0001
2799 2799 3262 1000
2803 2803 3263 1000
2807 2807 3264 0001
2811 2811 3265 1000
2815 2815 3266 0001
2819 2819 3267 1000
2823 2823 3268 1000
2827 2827 3269 1000
2831 2831 3270 0001
2835 2835 3271 1000
2839 2839 3272 1000
2843 2843 3273 0001
2847 2847 3274 0001
2851 2851 3275 1000
2855 2855 3276 0001
2859 2859 3277 1000
2863 2863 3278 0001
2867 2867 3279 0001
2871 2871 3280 1000
2875 2875 3281 0001
2879 2879 3282 1000
2883 2883 3283 0001
2887 2887 3284 0001
2891 2891 3285 0001
2895 2895 3286 0001
2899 2899 3287 0001
2903 2903 3288 0001
2907 2907 3289 0001
2911 2911 3290 0001
2915 2915 3291 1000
2919 2919 3292 1000
2923 2923 3293 1000
2927 2927 3294 1000
2931 2931 3295 1000
2935 2935 3296 1000
2939 2939 3297 1000
2943 2943 3298 0001
2947 2947 3299 1000
2951 2951 3300 1000
2955 2955 3301 1000
2959 2959 3302 0001
2963 2963 3303 1000
2967 2967 3304 0001
2971 2971 3305 1000
2975 2975 3306 0001
2979 2979 3307 1000
2983 2983 3308 1000
2987 2987 3309 0001
2991 2991 3310 0001
2995 2995 3311 0001
2999 2999 3312 1000
3003 3003 3313 1000
3007 3007 3314 1000
3011 3011 3315 1000
3015 3015 3316 0001
3019 3019 3317 0001
3023 3023 3318 1000
3027 3027 3319 0001
3031 3031 3320 0001
3035 3035 3321 1000
3039 3039 3322 1000
3043 3043 3323 0001
3047 3047 3324 0001
3051 3051 3325 1000
3055 3055 3326 0001
3059 3059 3327 0001
3063 3063 3328 0001
3067 3067 3329 1000
3071 3071 3330 1000
3075 3075 3331 1000
