4 4 773 0001
5 5 774 0001
6 6 775 0001
7 7 776 0001
8 8 777 0001
9 9 778 0001
10 10 779 0001
11 11 780 0001
12 12 781 0001
13 13 782 0001
14 14 783 0001
15 15 784 0001
16 16 785 0001
17 17 786 0001
18 18 787 0001
19 19 788 0001
20 20 789 0001
21 21 790 0001
22 22 791 0001
23 23 792 0001
24 24 793 0001
25 25 794 0001
26 26 795 0001
27 27 796 0001
28 28 797 0001
29 29 798 0001
30 30 799 0001
31 31 800 0001
32 32 801 0001
33 33 802 0001
34 34 803 0001
35 35 804 0001
36 36 805 0001
37 37 806 0001
38 38 807 0001
39 39 808 0001
40 40 809 0001
41 41 810 0001
42 42 811 0001
43 43 812 0001
44 44 813 0001
45 45 814 0001
46 46 815 0001
47 47 816 0001
48 48 817 0001
49 49 818 0001
50 50 819 0001
51 51 820 0001
52 52 821 0001
53 53 822 0001
54 54 823 0001
55 55 824 0001
56 56 825 0001
57 57 826 0001
58 58 827 0001
59 59 828 0001
60 60 829 0001
61 61 830 0001
62 62 831 0001
63 63 832 0001
64 64 833 0001
65 65 834 0001
66 66 835 0001
67 67 836 0001
68 68 837 0001
69 69 838 0001
70 70 839 0001
71 71 840 0001
72 72 841 0001
73 73 842 0001
74 74 843 0001
75 75 844 0001
76 76 845 0001
77 77 846 0001
78 78 847 0001
79 79 848 0001
80 80 849 0001
81 81 850 0001
82 82 851 0001
83 83 852 0001
84 84 853 0001
85 85 854 0001
86 86 855 0001
87 87 856 0001
88 88 857 0001
89 89 858 0001
90 90 859 0001
91 91 860 0001
92 92 861 0001
93 93 862 0001
94 94 863 0001
95 95 864 0001
96 96 865 0001
97 97 866 0001
98 98 867 0001
99 99 868 0001
100 100 869 0001
101 101 870 0001
102 102 871 0001
103 103 872 0001
104 104 873 0001
105 105 874 0001
106 106 875 0001
107 107 876 0001
108 108 877 0001
109 109 878 0001
110 110 879 0001
111 111 880 0001
112 112 881 0001
113 113 882 0001
114 114 883 0001
115 115 884 0001
116 116 885 0001
117 117 886 0001
118 118 887 0001
119 119 888 0001
120 120 889 0001
121 121 890 0001
122 122 891 0001
123 123 892 0001
124 124 893 0001
125 125 894 0001
126 126 895 0001
127 127 896 0001
128 128 897 0001
129 129 898 0001
130 130 899 0001
131 131 900 0001
132 132 901 0001
133 133 902 0001
134 134 903 0001
135 135 904 0001
136 136 905 0001
137 137 906 0001
138 138 907 0001
139 139 908 0001
140 140 909 0001
141 141 910 0001
142 142 911 0001
143 143 912 0001
144 144 913 0001
145 145 914 0001
146 146 915 0001
147 147 916 0001
148 148 917 0001
149 149 918 0001
150 150 919 0001
151 151 920 0001
152 152 921 0001
153 153 922 0001
154 154 923 0001
155 155 924 0001
156 156 925 0001
157 157 926 0001
158 158 927 0001
159 159 928 0001
160 160 929 0001
161 161 930 0001
162 162 931 0001
163 163 932 0001
164 164 933 0001
165 165 934 0001
166 166 935 0001
167 167 936 0001
168 168 937 0001
169 169 938 0001
170 170 939 0001
171 171 940 0001
172 172 941 0001
173 173 942 0001
174 174 943 0001
175 175 944 0001
176 176 945 0001
177 177 946 0001
178 178 947 0001
179 179 948 0001
180 180 949 0001
181 181 950 0001
182 182 951 0001
183 183 952 0001
184 184 953 0001
185 185 954 0001
186 186 955 0001
187 187 956 0001
188 188 957 0001
189 189 958 0001
190 190 959 0001
191 191 960 0001
192 192 961 0001
193 193 962 0001
194 194 963 0001
195 195 964 0001
196 196 965 0001
197 197 966 0001
198 198 967 0001
199 199 968 0001
200 200 969 0001
201 201 970 0001
202 202 971 0001
203 203 972 0001
204 204 973 0001
205 205 974 0001
206 206 975 0001
207 207 976 0001
208 208 977 0001
209 209 978 0001
210 210 979 0001
211 211 980 0001
212 212 981 0001
213 213 982 0001
214 214 983 0001
215 215 984 0001
216 216 985 0001
217 217 986 0001
218 218 987 0001
219 219 988 0001
220 220 989 0001
221 221 990 0001
222 222 991 0001
223 223 992 0001
224 224 993 0001
225 225 994 0001
226 226 995 0001
227 227 996 0001
228 228 997 0001
229 229 998 0001
230 230 999 0001
231 231 1000 0001
232 232 1001 0001
233 233 1002 0001
234 234 1003 0001
235 235 1004 0001
236 236 1005 0001
237 237 1006 0001
238 238 1007 0001
239 239 1008 0001
240 240 1009 0001
241 241 1010 0001
242 242 1011 0001
243 243 1012 0001
244 244 1013 0001
245 245 1014 0001
246 246 1015 0001
247 247 1016 0001
248 248 1017 0001
249 249 1018 0001
250 250 1019 0001
251 251 1020 0001
252 252 1021 0001
253 253 1022 0001
254 254 1023 0001
255 255 1024 0001
256 256 1025 0001
257 257 1026 0001
258 258 1027 0001
259 259 1028 0001
773 773 1029 0001
774 774 1030 0001
775 775 1031 0001
776 776 1032 0001
777 777 1033 0001
778 778 1034 0001
779 779 1035 0001
780 780 1036 0001
781 781 1037 0001
782 782 1038 0001
783 783 1039 0001
784 784 1040 0001
785 785 1041 0001
786 786 1042 0001
787 787 1043 0001
788 788 1044 0001
789 789 1045 0001
790 790 1046 0001
791 791 1047 0001
792 792 1048 0001
793 793 1049 0001
794 794 1050 0001
795 795 1051 0001
796 796 1052 0001
797 797 1053 0001
798 798 1054 0001
799 799 1055 0001
800 800 1056 0001
801 801 1057 0001
802 802 1058 0001
803 803 1059 0001
804 804 1060 0001
805 805 1061 0001
806 806 1062 0001
807 807 1063 0001
808 808 1064 0001
809 809 1065 0001
810 810 1066 0001
811 811 1067 0001
812 812 1068 0001
813 813 1069 0001
814 814 1070 0001
815 815 1071 0001
816 816 1072 0001
817 817 1073 0001
818 818 1074 0001
819 819 1075 0001
820 820 1076 0001
821 821 1077 0001
822 822 1078 0001
823 823 1079 0001
824 824 1080 0001
825 825 1081 0001
826 826 1082 0001
827 827 1083 0001
828 828 1084 0001
829 829 1085 0001
830 830 1086 0001
831 831 1087 0001
832 832 1088 0001
833 833 1089 0001
834 834 1090 0001
835 835 1091 0001
836 836 1092 0001
837 837 1093 0001
838 838 1094 0001
839 839 1095 0001
840 840 1096 0001
841 841 1097 0001
842 842 1098 0001
843 843 1099 0001
844 844 1100 0001
845 845 1101 0001
846 846 1102 0001
847 847 1103 0001
848 848 1104 0001
849 849 1105 0001
850 850 1106 0001
851 851 1107 0001
852 852 1108 0001
853 853 1109 0001
854 854 1110 0001
855 855 1111 0001
856 856 1112 0001
857 857 1113 0001
858 858 1114 0001
859 859 1115 0001
860 860 1116 0001
861 861 1117 0001
862 862 1118 0001
863 863 1119 0001
864 864 1120 0001
865 865 1121 0001
866 866 1122 0001
867 867 1123 0001
868 868 1124 0001
869 869 1125 0001
870 870 1126 0001
871 871 1127 0001
872 872 1128 0001
873 873 1129 0001
874 874 1130 0001
875 875 1131 0001
876 876 1132 0001
877 877 1133 0001
878 878 1134 0001
879 879 1135 0001
880 880 1136 0001
881 881 1137 0001
882 882 1138 0001
883 883 1139 0001
884 884 1140 0001
885 885 1141 0001
886 886 1142 0001
887 887 1143 0001
888 888 1144 0001
889 889 1145 0001
890 890 1146 0001
891 891 1147 0001
892 892 1148 0001
893 893 1149 0001
894 894 1150 0001
895 895 1151 0001
896 896 1152 0001
897 897 1153 0001
898 898 1154 0001
899 899 1155 0001
900 900 1156 0001
901 901 1157 0001
902 902 1158 0001
903 903 1159 0001
904 904 1160 0001
905 905 1161 0001
906 906 1162 0001
907 907 1163 0001
908 908 1164 0001
909 909 1165 0001
910 910 1166 0001
911 911 1167 0001
912 912 1168 0001
913 913 1169 0001
914 914 1170 0001
915 915 1171 0001
916 916 1172 0001
917 917 1173 0001
918 918 1174 0001
919 919 1175 0001
920 920 1176 0001
921 921 1177 0001
922 922 1178 0001
923 923 1179 0001
924 924 1180 0001
925 925 1181 0001
926 926 1182 0001
927 927 1183 0001
928 928 1184 0001
929 929 1185 0001
930 930 1186 0001
931 931 1187 0001
932 932 1188 0001
933 933 1189 0001
934 934 1190 0001
935 935 1191 0001
936 936 1192 0001
937 937 1193 0001
938 938 1194 0001
939 939 1195 0001
940 940 1196 0001
941 941 1197 0001
942 942 1198 0001
943 943 1199 0001
944 944 1200 0001
945 945 1201 0001
946 946 1202 0001
947 947 1203 0001
948 948 1204 0001
949 949 1205 0001
950 950 1206 0001
951 951 1207 0001
952 952 1208 0001
953 953 1209 0001
954 954 1210 0001
955 955 1211 0001
956 956 1212 0001
957 957 1213 0001
958 958 1214 0001
959 959 1215 0001
960 960 1216 0001
961 961 1217 0001
962 962 1218 0001
963 963 1219 0001
964 964 1220 0001
965 965 1221 0001
966 966 1222 0001
967 967 1223 0001
968 968 1224 0001
969 969 1225 0001
970 970 1226 0001
971 971 1227 0001
972 972 1228 0001
973 973 1229 0001
974 974 1230 0001
975 975 1231 0001
976 976 1232 0001
977 977 1233 0001
978 978 1234 0001
979 979 1235 0001
980 980 1236 0001
981 981 1237 0001
982 982 1238 0001
983 983 1239 0001
984 984 1240 0001
985 985 1241 0001
986 986 1242 0001
987 987 1243 0001
988 988 1244 0001
989 989 1245 0001
990 990 1246 0001
991 991 1247 0001
992 992 1248 0001
993 993 1249 0001
994 994 1250 0001
995 995 1251 0001
996 996 1252 0001
997 997 1253 0001
998 998 1254 0001
999 999 1255 0001
1000 1000 1256 0001
1001 1001 1257 0001
1002 1002 1258 0001
1003 1003 1259 0001
1004 1004 1260 0001
1005 1005 1261 0001
1006 1006 1262 0001
1007 1007 1263 0001
1008 1008 1264 0001
1009 1009 1265 0001
1010 1010 1266 0001
1011 1011 1267 0001
1012 1012 1268 0001
1013 1013 1269 0001
1014 1014 1270 0001
1015 1015 1271 0001
1016 1016 1272 0001
1017 1017 1273 0001
1018 1018 1274 0001
1019 1019 1275 0001
1020 1020 1276 0001
1021 1021 1277 0001
1022 1022 1278 0001
1023 1023 1279 0001
1024 1024 1280 0001
1025 1025 1281 0001
1026 1026 1282 0001
1027 1027 1283 0001
1028 1028 1284 0001
1029 1029 1285 0001
1030 1030 1286 0001
1031 1031 1287 0001
1032 1032 1288 0001
1033 1033 1289 0001
1034 1034 1290 0001
1035 1035 1291 0001
1036 1036 1292 0001
1037 1037 1293 0001
1038 1038 1294 0001
1039 1039 1295 0001
1040 1040 1296 0001
1041 1041 1297 0001
1042 1042 1298 0001
1043 1043 1299 0001
1044 1044 1300 0001
1045 1045 1301 0001
1046 1046 1302 0001
1047 1047 1303 0001
1048 1048 1304 0001
1049 1049 1305 0001
1050 1050 1306 0001
1051 1051 1307 0001
1052 1052 1308 0001
1053 1053 1309 0001
1054 1054 1310 0001
1055 1055 1311 0001
1056 1056 1312 0001
1057 1057 1313 0001
1058 1058 1314 0001
1059 1059 1315 0001
1060 1060 1316 0001
1061 1061 1317 0001
1062 1062 1318 0001
1063 1063 1319 0001
1064 1064 1320 0001
1065 1065 1321 0001
1066 1066 1322 0001
1067 1067 1323 0001
1068 1068 1324 0001
1069 1069 1325 0001
1070 1070 1326 0001
1071 1071 1327 0001
1072 1072 1328 0001
1073 1073 1329 0001
1074 1074 1330 0001
1075 1075 1331 0001
1076 1076 1332 0001
1077 1077 1333 0001
1078 1078 1334 0001
1079 1079 1335 0001
1080 1080 1336 0001
1081 1081 1337 0001
1082 1082 1338 0001
1083 1083 1339 0001
1084 1084 1340 0001
1085 1085 1341 0001
1086 1086 1342 0001
1087 1087 1343 0001
1088 1088 1344 0001
1089 1089 1345 0001
1090 1090 1346 0001
1091 1091 1347 0001
1092 1092 1348 0001
1093 1093 1349 0001
1094 1094 1350 0001
1095 1095 1351 0001
1096 1096 1352 0001
1097 1097 1353 0001
1098 1098 1354 0001
1099 1099 1355 0001
1100 1100 1356 0001
1101 1101 1357 0001
1102 1102 1358 0001
1103 1103 1359 0001
1104 1104 1360 0001
1105 1105 1361 0001
1106 1106 1362 0001
1107 1107 1363 0001
1108 1108 1364 0001
1109 1109 1365 0001
1110 1110 1366 0001
1111 1111 1367 0001
1112 1112 1368 0001
1113 1113 1369 0001
1114 1114 1370 0001
1115 1115 1371 0001
1116 1116 1372 0001
1117 1117 1373 0001
1118 1118 1374 0001
1119 1119 1375 0001
1120 1120 1376 0001
1121 1121 1377 0001
1122 1122 1378 0001
1123 1123 1379 0001
1124 1124 1380 0001
1125 1125 1381 0001
1126 1126 1382 0001
1127 1127 1383 0001
1128 1128 1384 0001
1129 1129 1385 0001
1130 1130 1386 0001
1131 1131 1387 0001
1132 1132 1388 0001
1133 1133 1389 0001
1134 1134 1390 0001
1135 1135 1391 0001
1136 1136 1392 0001
1137 1137 1393 0001
1138 1138 1394 0001
1139 1139 1395 0001
1140 1140 1396 0001
1141 1141 1397 0001
1142 1142 1398 0001
1143 1143 1399 0001
1144 1144 1400 0001
1145 1145 1401 0001
1146 1146 1402 0001
1147 1147 1403 0001
1148 1148 1404 0001
1149 1149 1405 0001
1150 1150 1406 0001
1151 1151 1407 0001
1152 1152 1408 0001
1153 1153 1409 0001
1154 1154 1410 0001
1155 1155 1411 0001
1156 1156 1412 0001
1157 1157 1413 0001
1158 1158 1414 0001
1159 1159 1415 0001
1160 1160 1416 0001
1161 1161 1417 0001
1162 1162 1418 0001
1163 1163 1419 0001
1164 1164 1420 0001
1165 1165 1421 0001
1166 1166 1422 0001
1167 1167 1423 0001
1168 1168 1424 0001
1169 1169 1425 0001
1170 1170 1426 0001
1171 1171 1427 0001
1172 1172 1428 0001
1173 1173 1429 0001
1174 1174 1430 0001
1175 1175 1431 0001
1176 1176 1432 0001
1177 1177 1433 0001
1178 1178 1434 0001
1179 1179 1435 0001
1180 1180 1436 0001
1181 1181 1437 0001
1182 1182 1438 0001
1183 1183 1439 0001
1184 1184 1440 0001
1185 1185 1441 0001
1186 1186 1442 0001
1187 1187 1443 0001
1188 1188 1444 0001
1189 1189 1445 0001
1190 1190 1446 0001
1191 1191 1447 0001
1192 1192 1448 0001
1193 1193 1449 0001
1194 1194 1450 0001
1195 1195 1451 0001
1196 1196 1452 0001
1197 1197 1453 0001
1198 1198 1454 0001
1199 1199 1455 0001
1200 1200 1456 0001
1201 1201 1457 0001
1202 1202 1458 0001
1203 1203 1459 0001
1204 1204 1460 0001
1205 1205 1461 0001
1206 1206 1462 0001
1207 1207 1463 0001
1208 1208 1464 0001
1209 1209 1465 0001
1210 1210 1466 0001
1211 1211 1467 0001
1212 1212 1468 0001
1213 1213 1469 0001
1214 1214 1470 0001
1215 1215 1471 0001
1216 1216 1472 0001
1217 1217 1473 0001
1218 1218 1474 0001
1219 1219 1475 0001
1220 1220 1476 0001
1221 1221 1477 0001
1222 1222 1478 0001
1223 1223 1479 0001
1224 1224 1480 0001
1225 1225 1481 0001
1226 1226 1482 0001
1227 1227 1483 0001
1228 1228 1484 0001
1229 1229 1485 0001
1230 1230 1486 0001
1231 1231 1487 0001
1232 1232 1488 0001
1233 1233 1489 0001
1234 1234 1490 0001
1235 1235 1491 0001
1236 1236 1492 0001
1237 1237 1493 0001
1238 1238 1494 0001
1239 1239 1495 0001
1240 1240 1496 0001
1241 1241 1497 0001
1242 1242 1498 0001
1243 1243 1499 0001
1244 1244 1500 0001
1245 1245 1501 0001
1246 1246 1502 0001
1247 1247 1503 0001
1248 1248 1504 0001
1249 1249 1505 0001
1250 1250 1506 0001
1251 1251 1507 0001
1252 1252 1508 0001
1253 1253 1509 0001
1254 1254 1510 0001
1255 1255 1511 0001
1256 1256 1512 0001
1257 1257 1513 0001
1258 1258 1514 0001
1259 1259 1515 0001
1260 1260 1516 0001
1261 1261 1517 0001
1262 1262 1518 0001
1263 1263 1519 0001
1264 1264 1520 0001
1265 1265 1521 0001
1266 1266 1522 0001
1267 1267 1523 0001
1268 1268 1524 0001
1269 1269 1525 0001
1270 1270 1526 0001
1271 1271 1527 0001
1272 1272 1528 0001
1273 1273 1529 0001
1274 1274 1530 0001
1275 1275 1531 0001
1276 1276 1532 0001
1277 1277 1533 0001
1278 1278 1534 0001
1279 1279 1535 0001
1280 1280 1536 0001
1281 1281 1537 0001
1282 1282 1538 0001
1283 1283 1539 0001
1284 1284 1540 0001
1285 1285 1541 0001
1286 1286 1542 0001
1287 1287 1543 0001
1288 1288 1544 0001
1289 1289 1545 0001
1290 1290 1546 0001
1291 1291 1547 0001
1292 1292 1548 0001
1293 1293 1549 0001
1294 1294 1550 0001
1295 1295 1551 0001
1296 1296 1552 0001
1297 1297 1553 0001
1298 1298 1554 0001
1299 1299 1555 0001
1300 1300 1556 0001
1301 1301 1557 0001
1302 1302 1558 0001
1303 1303 1559 0001
1304 1304 1560 0001
1305 1305 1561 0001
1306 1306 1562 0001
1307 1307 1563 0001
1308 1308 1564 0001
1309 1309 1565 0001
1310 1310 1566 0001
1311 1311 1567 0001
1312 1312 1568 0001
1313 1313 1569 0001
1314 1314 1570 0001
1315 1315 1571 0001
1316 1316 1572 0001
1317 1317 1573 0001
1318 1318 1574 0001
1319 1319 1575 0001
1320 1320 1576 0001
1321 1321 1577 0001
1322 1322 1578 0001
1323 1323 1579 0001
1324 1324 1580 0001
1325 1325 1581 0001
1326 1326 1582 0001
1327 1327 1583 0001
1328 1328 1584 0001
1329 1329 1585 0001
1330 1330 1586 0001
1331 1331 1587 0001
1332 1332 1588 0001
1333 1333 1589 0001
1334 1334 1590 0001
1335 1335 1591 0001
1336 1336 1592 0001
1337 1337 1593 0001
1338 1338 1594 0001
1339 1339 1595 0001
1340 1340 1596 0001
1341 1341 1597 0001
1342 1342 1598 0001
1343 1343 1599 0001
1344 1344 1600 0001
1345 1345 1601 0001
1346 1346 1602 0001
1347 1347 1603 0001
1348 1348 1604 0001
1349 1349 1605 0001
1350 1350 1606 0001
1351 1351 1607 0001
1352 1352 1608 0001
1353 1353 1609 0001
1354 1354 1610 0001
1355 1355 1611 0001
1356 1356 1612 0001
1357 1357 1613 0001
1358 1358 1614 0001
1359 1359 1615 0001
1360 1360 1616 0001
1361 1361 1617 0001
1362 1362 1618 0001
1363 1363 1619 0001
1364 1364 1620 0001
1365 1365 1621 0001
1366 1366 1622 0001
1367 1367 1623 0001
1368 1368 1624 0001
1369 1369 1625 0001
1370 1370 1626 0001
1371 1371 1627 0001
1372 1372 1628 0001
1373 1373 1629 0001
1374 1374 1630 0001
1375 1375 1631 0001
1376 1376 1632 0001
1377 1377 1633 0001
1378 1378 1634 0001
1379 1379 1635 0001
1380 1380 1636 0001
1381 1381 1637 0001
1382 1382 1638 0001
1383 1383 1639 0001
1384 1384 1640 0001
1385 1385 1641 0001
1386 1386 1642 0001
1387 1387 1643 0001
1388 1388 1644 0001
1389 1389 1645 0001
1390 1390 1646 0001
1391 1391 1647 0001
1392 1392 1648 0001
1393 1393 1649 0001
1394 1394 1650 0001
1395 1395 1651 0001
1396 1396 1652 0001
1397 1397 1653 0001
1398 1398 1654 0001
1399 1399 1655 0001
1400 1400 1656 0001
1401 1401 1657 0001
1402 1402 1658 0001
1403 1403 1659 0001
1404 1404 1660 0001
1405 1405 1661 0001
1406 1406 1662 0001
1407 1407 1663 0001
1408 1408 1664 0001
1409 1409 1665 0001
1410 1410 1666 0001
1411 1411 1667 0001
1412 1412 1668 0001
1413 1413 1669 0001
1414 1414 1670 0001
1415 1415 1671 0001
1416 1416 1672 0001
1417 1417 1673 0001
1418 1418 1674 0001
1419 1419 1675 0001
1420 1420 1676 0001
1421 1421 1677 0001
1422 1422 1678 0001
1423 1423 1679 0001
1424 1424 1680 0001
1425 1425 1681 0001
1426 1426 1682 0001
1427 1427 1683 0001
1428 1428 1684 0001
1429 1429 1685 0001
1430 1430 1686 0001
1431 1431 1687 0001
1432 1432 1688 0001
1433 1433 1689 0001
1434 1434 1690 0001
1435 1435 1691 0001
1436 1436 1692 0001
1437 1437 1693 0001
1438 1438 1694 0001
1439 1439 1695 0001
1440 1440 1696 0001
1441 1441 1697 0001
1442 1442 1698 0001
1443 1443 1699 0001
1444 1444 1700 0001
1445 1445 1701 0001
1446 1446 1702 0001
1447 1447 1703 0001
1448 1448 1704 0001
1449 1449 1705 0001
1450 1450 1706 0001
1451 1451 1707 0001
1452 1452 1708 0001
1453 1453 1709 0001
1454 1454 1710 0001
1455 1455 1711 0001
1456 1456 1712 0001
1457 1457 1713 0001
1458 1458 1714 0001
1459 1459 1715 0001
1460 1460 1716 0001
1461 1461 1717 0001
1462 1462 1718 0001
1463 1463 1719 0001
1464 1464 1720 0001
1465 1465 1721 0001
1466 1466 1722 0001
1467 1467 1723 0001
1468 1468 1724 0001
1469 1469 1725 0001
1470 1470 1726 0001
1471 1471 1727 0001
1472 1472 1728 0001
1473 1473 1729 0001
1474 1474 1730 0001
1475 1475 1731 0001
1476 1476 1732 0001
1477 1477 1733 0001
1478 1478 1734 0001
1479 1479 1735 0001
1480 1480 1736 0001
1481 1481 1737 0001
1482 1482 1738 0001
1483 1483 1739 0001
1484 1484 1740 0001
1485 1485 1741 0001
1486 1486 1742 0001
1487 1487 1743 0001
1488 1488 1744 0001
1489 1489 1745 0001
1490 1490 1746 0001
1491 1491 1747 0001
1492 1492 1748 0001
1493 1493 1749 0001
1494 1494 1750 0001
1495 1495 1751 0001
1496 1496 1752 0001
1497 1497 1753 0001
1498 1498 1754 0001
1499 1499 1755 0001
1500 1500 1756 0001
1501 1501 1757 0001
1502 1502 1758 0001
1503 1503 1759 0001
1504 1504 1760 0001
1505 1505 1761 0001
1506 1506 1762 0001
1507 1507 1763 0001
1508 1508 1764 0001
1509 1509 1765 0001
1510 1510 1766 0001
1511 1511 1767 0001
1512 1512 1768 0001
1513 1513 1769 0001
1514 1514 1770 0001
1515 1515 1771 0001
1516 1516 1772 0001
1517 1517 1773 0001
1518 1518 1774 0001
1519 1519 1775 0001
1520 1520 1776 0001
1521 1521 1777 0001
1522 1522 1778 0001
1523 1523 1779 0001
1524 1524 1780 0001
1525 1525 1781 0001
1526 1526 1782 0001
1527 1527 1783 0001
1528 1528 1784 0001
1529 1529 1785 0001
1530 1530 1786 0001
1531 1531 1787 0001
1532 1532 1788 0001
1533 1533 1789 0001
1534 1534 1790 0001
1535 1535 1791 0001
1536 1536 1792 0001
1537 1537 1793 0001
1538 1538 1794 0001
1539 1539 1795 0001
1540 1540 1796 0001
1541 1541 1797 0001
1542 1542 1798 0001
1543 1543 1799 0001
1544 1544 1800 0001
1545 1545 1801 0001
1546 1546 1802 0001
1547 1547 1803 0001
1548 1548 1804 0001
1549 1549 1805 0001
1550 1550 1806 0001
1551 1551 1807 0001
1552 1552 1808 0001
1553 1553 1809 0001
1554 1554 1810 0001
1555 1555 1811 0001
1556 1556 1812 0001
1557 1557 1813 0001
1558 1558 1814 0001
1559 1559 1815 0001
1560 1560 1816 0001
1561 1561 1817 0001
1562 1562 1818 0001
1563 1563 1819 0001
1564 1564 1820 0001
1565 1565 1821 0001
1566 1566 1822 0001
1567 1567 1823 0001
1568 1568 1824 0001
1569 1569 1825 0001
1570 1570 1826 0001
1571 1571 1827 0001
1572 1572 1828 0001
1573 1573 1829 0001
1574 1574 1830 0001
1575 1575 1831 0001
1576 1576 1832 0001
1577 1577 1833 0001
1578 1578 1834 0001
1579 1579 1835 0001
1580 1580 1836 0001
1581 1581 1837 0001
1582 1582 1838 0001
1583 1583 1839 0001
1584 1584 1840 0001
1585 1585 1841 0001
1586 1586 1842 0001
1587 1587 1843 0001
1588 1588 1844 0001
1589 1589 1845 0001
1590 1590 1846 0001
1591 1591 1847 0001
1592 1592 1848 0001
1593 1593 1849 0001
1594 1594 1850 0001
1595 1595 1851 0001
1596 1596 1852 0001
1597 1597 1853 0001
1598 1598 1854 0001
1599 1599 1855 0001
1600 1600 1856 0001
1601 1601 1857 0001
1602 1602 1858 0001
1603 1603 1859 0001
1604 1604 1860 0001
1605 1605 1861 0001
1606 1606 1862 0001
1607 1607 1863 0001
1608 1608 1864 0001
1609 1609 1865 0001
1610 1610 1866 0001
1611 1611 1867 0001
1612 1612 1868 0001
1613 1613 1869 0001
1614 1614 1870 0001
1615 1615 1871 0001
1616 1616 1872 0001
1617 1617 1873 0001
1618 1618 1874 0001
1619 1619 1875 0001
1620 1620 1876 0001
1621 1621 1877 0001
1622 1622 1878 0001
1623 1623 1879 0001
1624 1624 1880 0001
1625 1625 1881 0001
1626 1626 1882 0001
1627 1627 1883 0001
1628 1628 1884 0001
1629 1629 1885 0001
1630 1630 1886 0001
1631 1631 1887 0001
1632 1632 1888 0001
1633 1633 1889 0001
1634 1634 1890 0001
1635 1635 1891 0001
1636 1636 1892 0001
1637 1637 1893 0001
1638 1638 1894 0001
1639 1639 1895 0001
1640 1640 1896 0001
1641 1641 1897 0001
1642 1642 1898 0001
1643 1643 1899 0001
1644 1644 1900 0001
1645 1645 1901 0001
1646 1646 1902 0001
1647 1647 1903 0001
1648 1648 1904 0001
1649 1649 1905 0001
1650 1650 1906 0001
1651 1651 1907 0001
1652 1652 1908 0001
1653 1653 1909 0001
1654 1654 1910 0001
1655 1655 1911 0001
1656 1656 1912 0001
1657 1657 1913 0001
1658 1658 1914 0001
1659 1659 1915 0001
1660 1660 1916 0001
1661 1661 1917 0001
1662 1662 1918 0001
1663 1663 1919 0001
1664 1664 1920 0001
1665 1665 1921 0001
1666 1666 1922 0001
1667 1667 1923 0001
1668 1668 1924 0001
1669 1669 1925 0001
1670 1670 1926 0001
1671 1671 1927 0001
1672 1672 1928 0001
1673 1673 1929 0001
1674 1674 1930 0001
1675 1675 1931 0001
1676 1676 1932 0001
1677 1677 1933 0001
1678 1678 1934 0001
1679 1679 1935 0001
1680 1680 1936 0001
1681 1681 1937 0001
1682 1682 1938 0001
1683 1683 1939 0001
1684 1684 1940 0001
1685 1685 1941 0001
1686 1686 1942 0001
1687 1687 1943 0001
1688 1688 1944 0001
1689 1689 1945 0001
1690 1690 1946 0001
1691 1691 1947 0001
1692 1692 1948 0001
1693 1693 1949 0001
1694 1694 1950 0001
1695 1695 1951 0001
1696 1696 1952 0001
1697 1697 1953 0001
1698 1698 1954 0001
1699 1699 1955 0001
1700 1700 1956 0001
1701 1701 1957 0001
1702 1702 1958 0001
1703 1703 1959 0001
1704 1704 1960 0001
1705 1705 1961 0001
1706 1706 1962 0001
1707 1707 1963 0001
1708 1708 1964 0001
1709 1709 1965 0001
1710 1710 1966 0001
1711 1711 1967 0001
1712 1712 1968 0001
1713 1713 1969 0001
1714 1714 1970 0001
1715 1715 1971 0001
1716 1716 1972 0001
1717 1717 1973 0001
1718 1718 1974 0001
1719 1719 1975 0001
1720 1720 1976 0001
1721 1721 1977 0001
1722 1722 1978 0001
1723 1723 1979 0001
1724 1724 1980 0001
1725 1725 1981 0001
1726 1726 1982 0001
1727 1727 1983 0001
1728 1728 1984 0001
1729 1729 1985 0001
1730 1730 1986 0001
1731 1731 1987 0001
1732 1732 1988 0001
1733 1733 1989 0001
1734 1734 1990 0001
1735 1735 1991 0001
1736 1736 1992 0001
1737 1737 1993 0001
1738 1738 1994 0001
1739 1739 1995 0001
1740 1740 1996 0001
1741 1741 1997 0001
1742 1742 1998 0001
1743 1743 1999 0001
1744 1744 2000 0001
1745 1745 2001 0001
1746 1746 2002 0001
1747 1747 2003 0001
1748 1748 2004 0001
1749 1749 2005 0001
1750 1750 2006 0001
1751 1751 2007 0001
1752 1752 2008 0001
1753 1753 2009 0001
1754 1754 2010 0001
1755 1755 2011 0001
1756 1756 2012 0001
1757 1757 2013 0001
1758 1758 2014 0001
1759 1759 2015 0001
1760 1760 2016 0001
1761 1761 2017 0001
1762 1762 2018 0001
1763 1763 2019 0001
1764 1764 2020 0001
1765 1765 2021 0001
1766 1766 2022 0001
1767 1767 2023 0001
1768 1768 2024 0001
1769 1769 2025 0001
1770 1770 2026 0001
1771 1771 2027 0001
1772 1772 2028 0001
1773 1773 2029 0001
1774 1774 2030 0001
1775 1775 2031 0001
1776 1776 2032 0001
1777 1777 2033 0001
1778 1778 2034 0001
1779 1779 2035 0001
1780 1780 2036 0001
1781 1781 2037 0001
1782 1782 2038 0001
1783 1783 2039 0001
1784 1784 2040 0001
1785 1785 2041 0001
1786 1786 2042 0001
1787 1787 2043 0001
1788 1788 2044 0001
1789 1789 2045 0001
1790 1790 2046 0001
1791 1791 2047 0001
1792 1792 2048 0001
1793 1793 2049 0001
1794 1794 2050 0001
1795 1795 2051 0001
1796 1796 2052 0001
1797 1797 2053 0001
1798 1798 2054 0001
1799 1799 2055 0001
1800 1800 2056 0001
1801 1801 2057 0001
1802 1802 2058 0001
1803 1803 2059 0001
1804 1804 2060 0001
1805 1805 2061 0001
1806 1806 2062 0001
1807 1807 2063 0001
1808 1808 2064 0001
1809 1809 2065 0001
1810 1810 2066 0001
1811 1811 2067 0001
1812 1812 2068 0001
1813 1813 2069 0001
1814 1814 2070 0001
1815 1815 2071 0001
1816 1816 2072 0001
1817 1817 2073 0001
1818 1818 2074 0001
1819 1819 2075 0001
1820 1820 2076 0001
1821 1821 2077 0001
1822 1822 2078 0001
1823 1823 2079 0001
1824 1824 2080 0001
1825 1825 2081 0001
1826 1826 2082 0001
1827 1827 2083 0001
1828 1828 2084 0001
1829 1829 2085 0001
1830 1830 2086 0001
1831 1831 2087 0001
1832 1832 2088 0001
1833 1833 2089 0001
1834 1834 2090 0001
1835 1835 2091 0001
1836 1836 2092 0001
1837 1837 2093 0001
1838 1838 2094 0001
1839 1839 2095 0001
1840 1840 2096 0001
1841 1841 2097 0001
1842 1842 2098 0001
1843 1843 2099 0001
1844 1844 2100 0001
1845 1845 2101 0001
1846 1846 2102 0001
1847 1847 2103 0001
1848 1848 2104 0001
1849 1849 2105 0001
1850 1850 2106 0001
1851 1851 2107 0001
1852 1852 2108 0001
1853 1853 2109 0001
1854 1854 2110 0001
1855 1855 2111 0001
1856 1856 2112 0001
1857 1857 2113 0001
1858 1858 2114 0001
1859 1859 2115 0001
1860 1860 2116 0001
1861 1861 2117 0001
1862 1862 2118 0001
1863 1863 2119 0001
1864 1864 2120 0001
1865 1865 2121 0001
1866 1866 2122 0001
1867 1867 2123 0001
1868 1868 2124 0001
1869 1869 2125 0001
1870 1870 2126 0001
1871 1871 2127 0001
1872 1872 2128 0001
1873 1873 2129 0001
1874 1874 2130 0001
1875 1875 2131 0001
1876 1876 2132 0001
1877 1877 2133 0001
1878 1878 2134 0001
1879 1879 2135 0001
1880 1880 2136 0001
1881 1881 2137 0001
1882 1882 2138 0001
1883 1883 2139 0001
1884 1884 2140 0001
1885 1885 2141 0001
1886 1886 2142 0001
1887 1887 2143 0001
1888 1888 2144 0001
1889 1889 2145 0001
1890 1890 2146 0001
1891 1891 2147 0001
1892 1892 2148 0001
1893 1893 2149 0001
1894 1894 2150 0001
1895 1895 2151 0001
1896 1896 2152 0001
1897 1897 2153 0001
1898 1898 2154 0001
1899 1899 2155 0001
1900 1900 2156 0001
1901 1901 2157 0001
1902 1902 2158 0001
1903 1903 2159 0001
1904 1904 2160 0001
1905 1905 2161 0001
1906 1906 2162 0001
1907 1907 2163 0001
1908 1908 2164 0001
1909 1909 2165 0001
1910 1910 2166 0001
1911 1911 2167 0001
1912 1912 2168 0001
1913 1913 2169 0001
1914 1914 2170 0001
1915 1915 2171 0001
1916 1916 2172 0001
1917 1917 2173 0001
1918 1918 2174 0001
1919 1919 2175 0001
1920 1920 2176 0001
1921 1921 2177 0001
1922 1922 2178 0001
1923 1923 2179 0001
1924 1924 2180 0001
1925 1925 2181 0001
1926 1926 2182 0001
1927 1927 2183 0001
1928 1928 2184 0001
1929 1929 2185 0001
1930 1930 2186 0001
1931 1931 2187 0001
1932 1932 2188 0001
1933 1933 2189 0001
1934 1934 2190 0001
1935 1935 2191 0001
1936 1936 2192 0001
1937 1937 2193 0001
1938 1938 2194 0001
1939 1939 2195 0001
1940 1940 2196 0001
1941 1941 2197 0001
1942 1942 2198 0001
1943 1943 2199 0001
1944 1944 2200 0001
1945 1945 2201 0001
1946 1946 2202 0001
1947 1947 2203 0001
1948 1948 2204 0001
1949 1949 2205 0001
1950 1950 2206 0001
1951 1951 2207 0001
1952 1952 2208 0001
1953 1953 2209 0001
1954 1954 2210 0001
1955 1955 2211 0001
1956 1956 2212 0001
1957 1957 2213 0001
1958 1958 2214 0001
1959 1959 2215 0001
1960 1960 2216 0001
1961 1961 2217 0001
1962 1962 2218 0001
1963 1963 2219 0001
1964 1964 2220 0001
1965 1965 2221 0001
1966 1966 2222 0001
1967 1967 2223 0001
1968 1968 2224 0001
1969 1969 2225 0001
1970 1970 2226 0001
1971 1971 2227 0001
1972 1972 2228 0001
1973 1973 2229 0001
1974 1974 2230 0001
1975 1975 2231 0001
1976 1976 2232 0001
1977 1977 2233 0001
1978 1978 2234 0001
1979 1979 2235 0001
1980 1980 2236 0001
1981 1981 2237 0001
1982 1982 2238 0001
1983 1983 2239 0001
1984 1984 2240 0001
1985 1985 2241 0001
1986 1986 2242 0001
1987 1987 2243 0001
1988 1988 2244 0001
1989 1989 2245 0001
1990 1990 2246 0001
1991 1991 2247 0001
1992 1992 2248 0001
1993 1993 2249 0001
1994 1994 2250 0001
1995 1995 2251 0001
1996 1996 2252 0001
1997 1997 2253 0001
1998 1998 2254 0001
1999 1999 2255 0001
2000 2000 2256 0001
2001 2001 2257 0001
2002 2002 2258 0001
2003 2003 2259 0001
2004 2004 2260 0001
2005 2005 2261 0001
2006 2006 2262 0001
2007 2007 2263 0001
2008 2008 2264 0001
2009 2009 2265 0001
2010 2010 2266 0001
2011 2011 2267 0001
2012 2012 2268 0001
2013 2013 2269 0001
2014 2014 2270 0001
2015 2015 2271 0001
2016 2016 2272 0001
2017 2017 2273 0001
2018 2018 2274 0001
2019 2019 2275 0001
2020 2020 2276 0001
2021 2021 2277 0001
2022 2022 2278 0001
2023 2023 2279 0001
2024 2024 2280 0001
2025 2025 2281 0001
2026 2026 2282 0001
2027 2027 2283 0001
2028 2028 2284 0001
2029 2029 2285 0001
2030 2030 2286 0001
2031 2031 2287 0001
2032 2032 2288 0001
2033 2033 2289 0001
2034 2034 2290 0001
2035 2035 2291 0001
2036 2036 2292 0001
2037 2037 2293 0001
2038 2038 2294 0001
2039 2039 2295 0001
2040 2040 2296 0001
2041 2041 2297 0001
2042 2042 2298 0001
2043 2043 2299 0001
2044 2044 2300 0001
2045 2045 2301 0001
2046 2046 2302 0001
2047 2047 2303 0001
2048 2048 2304 0001
2049 2049 2305 0001
2050 2050 2306 0001
2051 2051 2307 0001
2052 2052 2308 0001
2053 2053 2309 0001
2054 2054 2310 0001
2055 2055 2311 0001
2056 2056 2312 0001
2057 2057 2313 0001
2058 2058 2314 0001
2059 2059 2315 0001
2060 2060 2316 0001
2061 2061 2317 0001
2062 2062 2318 0001
2063 2063 2319 0001
2064 2064 2320 0001
2065 2065 2321 0001
2066 2066 2322 0001
2067 2067 2323 0001
2068 2068 2324 0001
2069 2069 2325 0001
2070 2070 2326 0001
2071 2071 2327 0001
2072 2072 2328 0001
2073 2073 2329 0001
2074 2074 2330 0001
2075 2075 2331 0001
2076 2076 2332 0001
2077 2077 2333 0001
2078 2078 2334 0001
2079 2079 2335 0001
2080 2080 2336 0001
2081 2081 2337 0001
2082 2082 2338 0001
2083 2083 2339 0001
2084 2084 2340 0001
2085 2085 2341 0001
2086 2086 2342 0001
2087 2087 2343 0001
2088 2088 2344 0001
2089 2089 2345 0001
2090 2090 2346 0001
2091 2091 2347 0001
2092 2092 2348 0001
2093 2093 2349 0001
2094 2094 2350 0001
2095 2095 2351 0001
2096 2096 2352 0001
2097 2097 2353 0001
2098 2098 2354 0001
2099 2099 2355 0001
2100 2100 2356 0001
2101 2101 2357 0001
2102 2102 2358 0001
2103 2103 2359 0001
2104 2104 2360 0001
2105 2105 2361 0001
2106 2106 2362 0001
2107 2107 2363 0001
2108 2108 2364 0001
2109 2109 2365 0001
2110 2110 2366 0001
2111 2111 2367 0001
2112 2112 2368 0001
2113 2113 2369 0001
2114 2114 2370 0001
2115 2115 2371 0001
2116 2116 2372 0001
2117 2117 2373 0001
2118 2118 2374 0001
2119 2119 2375 0001
2120 2120 2376 0001
2121 2121 2377 0001
2122 2122 2378 0001
2123 2123 2379 0001
2124 2124 2380 0001
2125 2125 2381 0001
2126 2126 2382 0001
2127 2127 2383 0001
2128 2128 2384 0001
2129 2129 2385 0001
2130 2130 2386 0001
2131 2131 2387 0001
2132 2132 2388 0001
2133 2133 2389 0001
2134 2134 2390 0001
2135 2135 2391 0001
2136 2136 2392 0001
2137 2137 2393 0001
2138 2138 2394 0001
2139 2139 2395 0001
2140 2140 2396 0001
2141 2141 2397 0001
2142 2142 2398 0001
2143 2143 2399 0001
2144 2144 2400 0001
2145 2145 2401 0001
2146 2146 2402 0001
2147 2147 2403 0001
2148 2148 2404 0001
2149 2149 2405 0001
2150 2150 2406 0001
2151 2151 2407 0001
2152 2152 2408 0001
2153 2153 2409 0001
2154 2154 2410 0001
2155 2155 2411 0001
2156 2156 2412 0001
2157 2157 2413 0001
2158 2158 2414 0001
2159 2159 2415 0001
2160 2160 2416 0001
2161 2161 2417 0001
2162 2162 2418 0001
2163 2163 2419 0001
2164 2164 2420 0001
2165 2165 2421 0001
2166 2166 2422 0001
2167 2167 2423 0001
2168 2168 2424 0001
2169 2169 2425 0001
2170 2170 2426 0001
2171 2171 2427 0001
2172 2172 2428 0001
2173 2173 2429 0001
2174 2174 2430 0001
2175 2175 2431 0001
2176 2176 2432 0001
2177 2177 2433 0001
2178 2178 2434 0001
2179 2179 2435 0001
2180 2180 2436 0001
2181 2181 2437 0001
2182 2182 2438 0001
2183 2183 2439 0001
2184 2184 2440 0001
2185 2185 2441 0001
2186 2186 2442 0001
2187 2187 2443 0001
2188 2188 2444 0001
2189 2189 2445 0001
2190 2190 2446 0001
2191 2191 2447 0001
2192 2192 2448 0001
2193 2193 2449 0001
2194 2194 2450 0001
2195 2195 2451 0001
2196 2196 2452 0001
2197 2197 2453 0001
2198 2198 2454 0001
2199 2199 2455 0001
2200 2200 2456 0001
2201 2201 2457 0001
2202 2202 2458 0001
2203 2203 2459 0001
2204 2204 2460 0001
2205 2205 2461 0001
2206 2206 2462 0001
2207 2207 2463 0001
2208 2208 2464 0001
2209 2209 2465 0001
2210 2210 2466 0001
2211 2211 2467 0001
2212 2212 2468 0001
2213 2213 2469 0001
2214 2214 2470 0001
2215 2215 2471 0001
2216 2216 2472 0001
2217 2217 2473 0001
2218 2218 2474 0001
2219 2219 2475 0001
2220 2220 2476 0001
2221 2221 2477 0001
2222 2222 2478 0001
2223 2223 2479 0001
2224 2224 2480 0001
2225 2225 2481 0001
2226 2226 2482 0001
2227 2227 2483 0001
2228 2228 2484 0001
2229 2229 2485 0001
2230 2230 2486 0001
2231 2231 2487 0001
2232 2232 2488 0001
2233 2233 2489 0001
2234 2234 2490 0001
2235 2235 2491 0001
2236 2236 2492 0001
2237 2237 2493 0001
2238 2238 2494 0001
2239 2239 2495 0001
2240 2240 2496 0001
2241 2241 2497 0001
2242 2242 2498 0001
2243 2243 2499 0001
2244 2244 2500 0001
2245 2245 2501 0001
2246 2246 2502 0001
2247 2247 2503 0001
2248 2248 2504 0001
2249 2249 2505 0001
2250 2250 2506 0001
2251 2251 2507 0001
2252 2252 2508 0001
2253 2253 2509 0001
2254 2254 2510 0001
2255 2255 2511 0001
2256 2256 2512 0001
2257 2257 2513 0001
2258 2258 2514 0001
2259 2259 2515 0001
2260 2260 2516 0001
2261 2261 2517 0001
2262 2262 2518 0001
2263 2263 2519 0001
2264 2264 2520 0001
2265 2265 2521 0001
2266 2266 2522 0001
2267 2267 2523 0001
2268 2268 2524 0001
2269 2269 2525 0001
2270 2270 2526 0001
2271 2271 2527 0001
2272 2272 2528 0001
2273 2273 2529 0001
2274 2274 2530 0001
2275 2275 2531 0001
2276 2276 2532 0001
2277 2277 2533 0001
2278 2278 2534 0001
2279 2279 2535 0001
2280 2280 2536 0001
2281 2281 2537 0001
2282 2282 2538 0001
2283 2283 2539 0001
2284 2284 2540 0001
2285 2285 2541 0001
2286 2286 2542 0001
2287 2287 2543 0001
2288 2288 2544 0001
2289 2289 2545 0001
2290 2290 2546 0001
2291 2291 2547 0001
2292 2292 2548 0001
2293 2293 2549 0001
2294 2294 2550 0001
2295 2295 2551 0001
2296 2296 2552 0001
2297 2297 2553 0001
2298 2298 2554 0001
2299 2299 2555 0001
2300 2300 2556 0001
2301 2301 2557 0001
2302 2302 2558 0001
2303 2303 2559 0001
2304 2304 2560 0001
2305 2305 2561 0001
2306 2306 2562 0001
2307 2307 2563 0001
2308 2308 2564 0001
2309 2309 2565 0001
2310 2310 2566 0001
2311 2311 2567 0001
2312 2312 2568 0001
2313 2313 2569 0001
2314 2314 2570 0001
2315 2315 2571 0001
2316 2316 2572 0001
2317 2317 2573 0001
2318 2318 2574 0001
2319 2319 2575 0001
2320 2320 2576 0001
2321 2321 2577 0001
2322 2322 2578 0001
2323 2323 2579 0001
2324 2324 2580 0001
2325 2325 2581 0001
2326 2326 2582 0001
2327 2327 2583 0001
2328 2328 2584 0001
2329 2329 2585 0001
2330 2330 2586 0001
2331 2331 2587 0001
2332 2332 2588 0001
2333 2333 2589 0001
2334 2334 2590 0001
2335 2335 2591 0001
2336 2336 2592 0001
2337 2337 2593 0001
2338 2338 2594 0001
2339 2339 2595 0001
2340 2340 2596 0001
2341 2341 2597 0001
2342 2342 2598 0001
2343 2343 2599 0001
2344 2344 2600 0001
2345 2345 2601 0001
2346 2346 2602 0001
2347 2347 2603 0001
2348 2348 2604 0001
2349 2349 2605 0001
2350 2350 2606 0001
2351 2351 2607 0001
2352 2352 2608 0001
2353 2353 2609 0001
2354 2354 2610 0001
2355 2355 2611 0001
2356 2356 2612 0001
2357 2357 2613 0001
2358 2358 2614 0001
2359 2359 2615 0001
2360 2360 2616 0001
2361 2361 2617 0001
2362 2362 2618 0001
2363 2363 2619 0001
2364 2364 2620 0001
2365 2365 2621 0001
2366 2366 2622 0001
2367 2367 2623 0001
2368 2368 2624 0001
2369 2369 2625 0001
2370 2370 2626 0001
2371 2371 2627 0001
2372 2372 2628 0001
2373 2373 2629 0001
2374 2374 2630 0001
2375 2375 2631 0001
2376 2376 2632 0001
2377 2377 2633 0001
2378 2378 2634 0001
2379 2379 2635 0001
2380 2380 2636 0001
2381 2381 2637 0001
2382 2382 2638 0001
2383 2383 2639 0001
2384 2384 2640 0001
2385 2385 2641 0001
2386 2386 2642 0001
2387 2387 2643 0001
2388 2388 2644 0001
2389 2389 2645 0001
2390 2390 2646 0001
2391 2391 2647 0001
2392 2392 2648 0001
2393 2393 2649 0001
2394 2394 2650 0001
2395 2395 2651 0001
2396 2396 2652 0001
2397 2397 2653 0001
2398 2398 2654 0001
2399 2399 2655 0001
2400 2400 2656 0001
2401 2401 2657 0001
2402 2402 2658 0001
2403 2403 2659 0001
2404 2404 2660 0001
2405 2405 2661 0001
2406 2406 2662 0001
2407 2407 2663 0001
2408 2408 2664 0001
2409 2409 2665 0001
2410 2410 2666 0001
2411 2411 2667 0001
2412 2412 2668 0001
2413 2413 2669 0001
2414 2414 2670 0001
2415 2415 2671 0001
2416 2416 2672 0001
2417 2417 2673 0001
2418 2418 2674 0001
2419 2419 2675 0001
2420 2420 2676 0001
2421 2421 2677 0001
2422 2422 2678 0001
2423 2423 2679 0001
2424 2424 2680 0001
2425 2425 2681 0001
2426 2426 2682 0001
2427 2427 2683 0001
2428 2428 2684 0001
2429 2429 2685 0001
2430 2430 2686 0001
2431 2431 2687 0001
2432 2432 2688 0001
2433 2433 2689 0001
2434 2434 2690 0001
2435 2435 2691 0001
2436 2436 2692 0001
2437 2437 2693 0001
2438 2438 2694 0001
2439 2439 2695 0001
2440 2440 2696 0001
2441 2441 2697 0001
2442 2442 2698 0001
2443 2443 2699 0001
2444 2444 2700 0001
2445 2445 2701 0001
2446 2446 2702 0001
2447 2447 2703 0001
2448 2448 2704 0001
2449 2449 2705 0001
2450 2450 2706 0001
2451 2451 2707 0001
2452 2452 2708 0001
2453 2453 2709 0001
2454 2454 2710 0001
2455 2455 2711 0001
2456 2456 2712 0001
2457 2457 2713 0001
2458 2458 2714 0001
2459 2459 2715 0001
2460 2460 2716 0001
2461 2461 2717 0001
2462 2462 2718 0001
2463 2463 2719 0001
2464 2464 2720 0001
2465 2465 2721 0001
2466 2466 2722 0001
2467 2467 2723 0001
2468 2468 2724 0001
2469 2469 2725 0001
2470 2470 2726 0001
2471 2471 2727 0001
2472 2472 2728 0001
2473 2473 2729 0001
2474 2474 2730 0001
2475 2475 2731 0001
2476 2476 2732 0001
2477 2477 2733 0001
2478 2478 2734 0001
2479 2479 2735 0001
2480 2480 2736 0001
2481 2481 2737 0001
2482 2482 2738 0001
2483 2483 2739 0001
2484 2484 2740 0001
2485 2485 2741 0001
2486 2486 2742 0001
2487 2487 2743 0001
2488 2488 2744 0001
2489 2489 2745 0001
2490 2490 2746 0001
2491 2491 2747 0001
2492 2492 2748 0001
2493 2493 2749 0001
2494 2494 2750 0001
2495 2495 2751 0001
2496 2496 2752 0001
2497 2497 2753 0001
2498 2498 2754 0001
2499 2499 2755 0001
2500 2500 2756 0001
2501 2501 2757 0001
2502 2502 2758 0001
2503 2503 2759 0001
2504 2504 2760 0001
2505 2505 2761 0001
2506 2506 2762 0001
2507 2507 2763 0001
2508 2508 2764 0001
2509 2509 2765 0001
2510 2510 2766 0001
2511 2511 2767 0001
2512 2512 2768 0001
2513 2513 2769 0001
2514 2514 2770 0001
2515 2515 2771 0001
2516 2516 2772 0001
2517 2517 2773 0001
2518 2518 2774 0001
2519 2519 2775 0001
2520 2520 2776 0001
2521 2521 2777 0001
2522 2522 2778 0001
2523 2523 2779 0001
2524 2524 2780 0001
2525 2525 2781 0001
2526 2526 2782 0001
2527 2527 2783 0001
2528 2528 2784 0001
2529 2529 2785 0001
2530 2530 2786 0001
2531 2531 2787 0001
2532 2532 2788 0001
2533 2533 2789 0001
2534 2534 2790 0001
2535 2535 2791 0001
2536 2536 2792 0001
2537 2537 2793 0001
2538 2538 2794 0001
2539 2539 2795 0001
2540 2540 2796 0001
2541 2541 2797 0001
2542 2542 2798 0001
2543 2543 2799 0001
2544 2544 2800 0001
2545 2545 2801 0001
2546 2546 2802 0001
2547 2547 2803 0001
2548 2548 2804 0001
2549 2549 2805 0001
2550 2550 2806 0001
2551 2551 2807 0001
2552 2552 2808 0001
2553 2553 2809 0001
2554 2554 2810 0001
2555 2555 2811 0001
2556 2556 2812 0001
2557 2557 2813 0001
2558 2558 2814 0001
2559 2559 2815 0001
2560 2560 2816 0001
2561 2561 2817 0001
2562 2562 2818 0001
2563 2563 2819 0001
2564 2564 2820 0001
2565 261 2821 0110
2566 262 2822 0110
2567 263 2823 0110
2568 264 2824 0110
2569 265 2825 0110
2570 266 2826 0110
2571 267 2827 0110
2572 268 2828 0110
2573 269 2829 0110
2574 270 2830 0110
2575 271 2831 0110
2576 272 2832 0110
2577 273 2833 0110
2578 274 2834 0110
2579 275 2835 0110
2580 276 2836 0110
2581 277 2837 0110
2582 278 2838 0110
2583 279 2839 0110
2584 280 2840 0110
2585 281 2841 0110
2586 282 2842 0110
2587 283 2843 0110
2588 284 2844 0110
2589 285 2845 0110
2590 286 2846 0110
2591 287 2847 0110
2592 288 2848 0110
2593 289 2849 0110
2594 290 2850 0110
2595 291 2851 0110
2596 292 2852 0110
2597 293 2853 0110
2598 294 2854 0110
2599 295 2855 0110
2600 296 2856 0110
2601 297 2857 0110
2602 298 2858 0110
2603 299 2859 0110
2604 300 2860 0110
2605 301 2861 0110
2606 302 2862 0110
2607 303 2863 0110
2608 304 2864 0110
2609 305 2865 0110
2610 306 2866 0110
2611 307 2867 0110
2612 308 2868 0110
2613 309 2869 0110
2614 310 2870 0110
2615 311 2871 0110
2616 312 2872 0110
2617 313 2873 0110
2618 314 2874 0110
2619 315 2875 0110
2620 316 2876 0110
2621 317 2877 0110
2622 318 2878 0110
2623 319 2879 0110
2624 320 2880 0110
2625 321 2881 0110
2626 322 2882 0110
2627 323 2883 0110
2628 324 2884 0110
2629 325 2885 0110
2630 326 2886 0110
2631 327 2887 0110
2632 328 2888 0110
2633 329 2889 0110
2634 330 2890 0110
2635 331 2891 0110
2636 332 2892 0110
2637 333 2893 0110
2638 334 2894 0110
2639 335 2895 0110
2640 336 2896 0110
2641 337 2897 0110
2642 338 2898 0110
2643 339 2899 0110
2644 340 2900 0110
2645 341 2901 0110
2646 342 2902 0110
2647 343 2903 0110
2648 344 2904 0110
2649 345 2905 0110
2650 346 2906 0110
2651 347 2907 0110
2652 348 2908 0110
2653 349 2909 0110
2654 350 2910 0110
2655 351 2911 0110
2656 352 2912 0110
2657 353 2913 0110
2658 354 2914 0110
2659 355 2915 0110
2660 356 2916 0110
2661 357 2917 0110
2662 358 2918 0110
2663 359 2919 0110
2664 360 2920 0110
2665 361 2921 0110
2666 362 2922 0110
2667 363 2923 0110
2668 364 2924 0110
2669 365 2925 0110
2670 366 2926 0110
2671 367 2927 0110
2672 368 2928 0110
2673 369 2929 0110
2674 370 2930 0110
2675 371 2931 0110
2676 372 2932 0110
2677 373 2933 0110
2678 374 2934 0110
2679 375 2935 0110
2680 376 2936 0110
2681 377 2937 0110
2682 378 2938 0110
2683 379 2939 0110
2684 380 2940 0110
2685 381 2941 0110
2686 382 2942 0110
2687 383 2943 0110
2688 384 2944 0110
2689 385 2945 0110
2690 386 2946 0110
2691 387 2947 0110
2692 388 2948 0110
2693 389 2949 0110
2694 390 2950 0110
2695 391 2951 0110
2696 392 2952 0110
2697 393 2953 0110
2698 394 2954 0110
2699 395 2955 0110
2700 396 2956 0110
2701 397 2957 0110
2702 398 2958 0110
2703 399 2959 0110
2704 400 2960 0110
2705 401 2961 0110
2706 402 2962 0110
2707 403 2963 0110
2708 404 2964 0110
2709 405 2965 0110
2710 406 2966 0110
2711 407 2967 0110
2712 408 2968 0110
2713 409 2969 0110
2714 410 2970 0110
2715 411 2971 0110
2716 412 2972 0110
2717 413 2973 0110
2718 414 2974 0110
2719 415 2975 0110
2720 416 2976 0110
2721 417 2977 0110
2722 418 2978 0110
2723 419 2979 0110
2724 420 2980 0110
2725 421 2981 0110
2726 422 2982 0110
2727 423 2983 0110
2728 424 2984 0110
2729 425 2985 0110
2730 426 2986 0110
2731 427 2987 0110
2732 428 2988 0110
2733 429 2989 0110
2734 430 2990 0110
2735 431 2991 0110
2736 432 2992 0110
2737 433 2993 0110
2738 434 2994 0110
2739 435 2995 0110
2740 436 2996 0110
2741 437 2997 0110
2742 438 2998 0110
2743 439 2999 0110
2744 440 3000 0110
2745 441 3001 0110
2746 442 3002 0110
2747 443 3003 0110
2748 444 3004 0110
2749 445 3005 0110
2750 446 3006 0110
2751 447 3007 0110
2752 448 3008 0110
2753 449 3009 0110
2754 450 3010 0110
2755 451 3011 0110
2756 452 3012 0110
2757 453 3013 0110
2758 454 3014 0110
2759 455 3015 0110
2760 456 3016 0110
2761 457 3017 0110
2762 458 3018 0110
2763 459 3019 0110
2764 460 3020 0110
2765 461 3021 0110
2766 462 3022 0110
2767 463 3023 0110
2768 464 3024 0110
2769 465 3025 0110
2770 466 3026 0110
2771 467 3027 0110
2772 468 3028 0110
2773 469 3029 0110
2774 470 3030 0110
2775 471 3031 0110
2776 472 3032 0110
2777 473 3033 0110
2778 474 3034 0110
2779 475 3035 0110
2780 476 3036 0110
2781 477 3037 0110
2782 478 3038 0110
2783 479 3039 0110
2784 480 3040 0110
2785 481 3041 0110
2786 482 3042 0110
2787 483 3043 0110
2788 484 3044 0110
2789 485 3045 0110
2790 486 3046 0110
2791 487 3047 0110
2792 488 3048 0110
2793 489 3049 0110
2794 490 3050 0110
2795 491 3051 0110
2796 492 3052 0110
2797 493 3053 0110
2798 494 3054 0110
2799 495 3055 0110
2800 496 3056 0110
2801 497 3057 0110
2802 498 3058 0110
2803 499 3059 0110
2804 500 3060 0110
2805 501 3061 0110
2806 502 3062 0110
2807 503 3063 0110
2808 504 3064 0110
2809 505 3065 0110
2810 506 3066 0110
2811 507 3067 0110
2812 508 3068 0110
2813 509 3069 0110
2814 510 3070 0110
2815 511 3071 0110
2816 512 3072 0110
2817 513 3073 0110
2818 514 3074 0110
2819 515 3075 0110
2820 516 3076 0110
260 260 3077 1110
3077 517 3078 0001
260 2821 3079 0001
3078 3079 3080 0111
260 260 3081 1110
3081 518 3082 0001
260 2822 3083 0001
3082 3083 3084 0111
260 260 3085 1110
3085 519 3086 0001
260 2823 3087 0001
3086 3087 3088 0111
260 260 3089 1110
3089 520 3090 0001
260 2824 3091 0001
3090 3091 3092 0111
260 260 3093 1110
3093 521 3094 0001
260 2825 3095 0001
3094 3095 3096 0111
260 260 3097 1110
3097 522 3098 0001
260 2826 3099 0001
3098 3099 3100 0111
260 260 3101 1110
3101 523 3102 0001
260 2827 3103 0001
3102 3103 3104 0111
260 260 3105 1110
3105 524 3106 0001
260 2828 3107 0001
3106 3107 3108 0111
260 260 3109 1110
3109 525 3110 0001
260 2829 3111 0001
3110 3111 3112 0111
260 260 3113 1110
3113 526 3114 0001
260 2830 3115 0001
3114 3115 3116 0111
260 260 3117 1110
3117 527 3118 0001
260 2831 3119 0001
3118 3119 3120 0111
260 260 3121 1110
3121 528 3122 0001
260 2832 3123 0001
3122 3123 3124 0111
260 260 3125 1110
3125 529 3126 0001
260 2833 3127 0001
3126 3127 3128 0111
260 260 3129 1110
3129 530 3130 0001
260 2834 3131 0001
3130 3131 3132 0111
260 260 3133 1110
3133 531 3134 0001
260 2835 3135 0001
3134 3135 3136 0111
260 260 3137 1110
3137 532 3138 0001
260 2836 3139 0001
3138 3139 3140 0111
260 260 3141 1110
3141 533 3142 0001
260 2837 3143 0001
3142 3143 3144 0111
260 260 3145 1110
3145 534 3146 0001
260 2838 3147 0001
3146 3147 3148 0111
260 260 3149 1110
3149 535 3150 0001
260 2839 3151 0001
3150 3151 3152 0111
260 260 3153 1110
3153 536 3154 0001
260 2840 3155 0001
3154 3155 3156 0111
260 260 3157 1110
3157 537 3158 0001
260 2841 3159 0001
3158 3159 3160 0111
260 260 3161 1110
3161 538 3162 0001
260 2842 3163 0001
3162 3163 3164 0111
260 260 3165 1110
3165 539 3166 0001
260 2843 3167 0001
3166 3167 3168 0111
260 260 3169 1110
3169 540 3170 0001
260 2844 3171 0001
3170 3171 3172 0111
260 260 3173 1110
3173 541 3174 0001
260 2845 3175 0001
3174 3175 3176 0111
260 260 3177 1110
3177 542 3178 0001
260 2846 3179 0001
3178 3179 3180 0111
260 260 3181 1110
3181 543 3182 0001
260 2847 3183 0001
3182 3183 3184 0111
260 260 3185 1110
3185 544 3186 0001
260 2848 3187 0001
3186 3187 3188 0111
260 260 3189 1110
3189 545 3190 0001
260 2849 3191 0001
3190 3191 3192 0111
260 260 3193 1110
3193 546 3194 0001
260 2850 3195 0001
3194 3195 3196 0111
260 260 3197 1110
3197 547 3198 0001
260 2851 3199 0001
3198 3199 3200 0111
260 260 3201 1110
3201 548 3202 0001
260 2852 3203 0001
3202 3203 3204 0111
260 260 3205 1110
3205 549 3206 0001
260 2853 3207 0001
3206 3207 3208 0111
260 260 3209 1110
3209 550 3210 0001
260 2854 3211 0001
3210 3211 3212 0111
260 260 3213 1110
3213 551 3214 0001
260 2855 3215 0001
3214 3215 3216 0111
260 260 3217 1110
3217 552 3218 0001
260 2856 3219 0001
3218 3219 3220 0111
260 260 3221 1110
3221 553 3222 0001
260 2857 3223 0001
3222 3223 3224 0111
260 260 3225 1110
3225 554 3226 0001
260 2858 3227 0001
3226 3227 3228 0111
260 260 3229 1110
3229 555 3230 0001
260 2859 3231 0001
3230 3231 3232 0111
260 260 3233 1110
3233 556 3234 0001
260 2860 3235 0001
3234 3235 3236 0111
260 260 3237 1110
3237 557 3238 0001
260 2861 3239 0001
3238 3239 3240 0111
260 260 3241 1110
3241 558 3242 0001
260 2862 3243 0001
3242 3243 3244 0111
260 260 3245 1110
3245 559 3246 0001
260 2863 3247 0001
3246 3247 3248 0111
260 260 3249 1110
3249 560 3250 0001
260 2864 3251 0001
3250 3251 3252 0111
260 260 3253 1110
3253 561 3254 0001
260 2865 3255 0001
3254 3255 3256 0111
260 260 3257 1110
3257 562 3258 0001
260 2866 3259 0001
3258 3259 3260 0111
260 260 3261 1110
3261 563 3262 0001
260 2867 3263 0001
3262 3263 3264 0111
260 260 3265 1110
3265 564 3266 0001
260 2868 3267 0001
3266 3267 3268 0111
260 260 3269 1110
3269 565 3270 0001
260 2869 3271 0001
3270 3271 3272 0111
260 260 3273 1110
3273 566 3274 0001
260 2870 3275 0001
3274 3275 3276 0111
260 260 3277 1110
3277 567 3278 0001
260 2871 3279 0001
3278 3279 3280 0111
260 260 3281 1110
3281 568 3282 0001
260 2872 3283 0001
3282 3283 3284 0111
260 260 3285 1110
3285 569 3286 0001
260 2873 3287 0001
3286 3287 3288 0111
260 260 3289 1110
3289 570 3290 0001
260 2874 3291 0001
3290 3291 3292 0111
260 260 3293 1110
3293 571 3294 0001
260 2875 3295 0001
3294 3295 3296 0111
260 260 3297 1110
3297 572 3298 0001
260 2876 3299 0001
3298 3299 3300 0111
260 260 3301 1110
3301 573 3302 0001
260 2877 3303 0001
3302 3303 3304 0111
260 260 3305 1110
3305 574 3306 0001
260 2878 3307 0001
3306 3307 3308 0111
260 260 3309 1110
3309 575 3310 0001
260 2879 3311 0001
3310 3311 3312 0111
260 260 3313 1110
3313 576 3314 0001
260 2880 3315 0001
3314 3315 3316 0111
260 260 3317 1110
3317 577 3318 0001
260 2881 3319 0001
3318 3319 3320 0111
260 260 3321 1110
3321 578 3322 0001
260 2882 3323 0001
3322 3323 3324 0111
260 260 3325 1110
3325 579 3326 0001
260 2883 3327 0001
3326 3327 3328 0111
260 260 3329 1110
3329 580 3330 0001
260 2884 3331 0001
3330 3331 3332 0111
260 260 3333 1110
3333 581 3334 0001
260 2885 3335 0001
3334 3335 3336 0111
260 260 3337 1110
3337 582 3338 0001
260 2886 3339 0001
3338 3339 3340 0111
260 260 3341 1110
3341 583 3342 0001
260 2887 3343 0001
3342 3343 3344 0111
260 260 3345 1110
3345 584 3346 0001
260 2888 3347 0001
3346 3347 3348 0111
260 260 3349 1110
3349 585 3350 0001
260 2889 3351 0001
3350 3351 3352 0111
260 260 3353 1110
3353 586 3354 0001
260 2890 3355 0001
3354 3355 3356 0111
260 260 3357 1110
3357 587 3358 0001
260 2891 3359 0001
3358 3359 3360 0111
260 260 3361 1110
3361 588 3362 0001
260 2892 3363 0001
3362 3363 3364 0111
260 260 3365 1110
3365 589 3366 0001
260 2893 3367 0001
3366 3367 3368 0111
260 260 3369 1110
3369 590 3370 0001
260 2894 3371 0001
3370 3371 3372 0111
260 260 3373 1110
3373 591 3374 0001
260 2895 3375 0001
3374 3375 3376 0111
260 260 3377 1110
3377 592 3378 0001
260 2896 3379 0001
3378 3379 3380 0111
260 260 3381 1110
3381 593 3382 0001
260 2897 3383 0001
3382 3383 3384 0111
260 260 3385 1110
3385 594 3386 0001
260 2898 3387 0001
3386 3387 3388 0111
260 260 3389 1110
3389 595 3390 0001
260 2899 3391 0001
3390 3391 3392 0111
260 260 3393 1110
3393 596 3394 0001
260 2900 3395 0001
3394 3395 3396 0111
260 260 3397 1110
3397 597 3398 0001
260 2901 3399 0001
3398 3399 3400 0111
260 260 3401 1110
3401 598 3402 0001
260 2902 3403 0001
3402 3403 3404 0111
260 260 3405 1110
3405 599 3406 0001
260 2903 3407 0001
3406 3407 3408 0111
260 260 3409 1110
3409 600 3410 0001
260 2904 3411 0001
3410 3411 3412 0111
260 260 3413 1110
3413 601 3414 0001
260 2905 3415 0001
3414 3415 3416 0111
260 260 3417 1110
3417 602 3418 0001
260 2906 3419 0001
3418 3419 3420 0111
260 260 3421 1110
3421 603 3422 0001
260 2907 3423 0001
3422 3423 3424 0111
260 260 3425 1110
3425 604 3426 0001
260 2908 3427 0001
3426 3427 3428 0111
260 260 3429 1110
3429 605 3430 0001
260 2909 3431 0001
3430 3431 3432 0111
260 260 3433 1110
3433 606 3434 0001
260 2910 3435 0001
3434 3435 3436 0111
260 260 3437 1110
3437 607 3438 0001
260 2911 3439 0001
3438 3439 3440 0111
260 260 3441 1110
3441 608 3442 0001
260 2912 3443 0001
3442 3443 3444 0111
260 260 3445 1110
3445 609 3446 0001
260 2913 3447 0001
3446 3447 3448 0111
260 260 3449 1110
3449 610 3450 0001
260 2914 3451 0001
3450 3451 3452 0111
260 260 3453 1110
3453 611 3454 0001
260 2915 3455 0001
3454 3455 3456 0111
260 260 3457 1110
3457 612 3458 0001
260 2916 3459 0001
3458 3459 3460 0111
260 260 3461 1110
3461 613 3462 0001
260 2917 3463 0001
3462 3463 3464 0111
260 260 3465 1110
3465 614 3466 0001
260 2918 3467 0001
3466 3467 3468 0111
260 260 3469 1110
3469 615 3470 0001
260 2919 3471 0001
3470 3471 3472 0111
260 260 3473 1110
3473 616 3474 0001
260 2920 3475 0001
3474 3475 3476 0111
260 260 3477 1110
3477 617 3478 0001
260 2921 3479 0001
3478 3479 3480 0111
260 260 3481 1110
3481 618 3482 0001
260 2922 3483 0001
3482 3483 3484 0111
260 260 3485 1110
3485 619 3486 0001
260 2923 3487 0001
3486 3487 3488 0111
260 260 3489 1110
3489 620 3490 0001
260 2924 3491 0001
3490 3491 3492 0111
260 260 3493 1110
3493 621 3494 0001
260 2925 3495 0001
3494 3495 3496 0111
260 260 3497 1110
3497 622 3498 0001
260 2926 3499 0001
3498 3499 3500 0111
260 260 3501 1110
3501 623 3502 0001
260 2927 3503 0001
3502 3503 3504 0111
260 260 3505 1110
3505 624 3506 0001
260 2928 3507 0001
3506 3507 3508 0111
260 260 3509 1110
3509 625 3510 0001
260 2929 3511 0001
3510 3511 3512 0111
260 260 3513 1110
3513 626 3514 0001
260 2930 3515 0001
3514 3515 3516 0111
260 260 3517 1110
3517 627 3518 0001
260 2931 3519 0001
3518 3519 3520 0111
260 260 3521 1110
3521 628 3522 0001
260 2932 3523 0001
3522 3523 3524 0111
260 260 3525 1110
3525 629 3526 0001
260 2933 3527 0001
3526 3527 3528 0111
260 260 3529 1110
3529 630 3530 0001
260 2934 3531 0001
3530 3531 3532 0111
260 260 3533 1110
3533 631 3534 0001
260 2935 3535 0001
3534 3535 3536 0111
260 260 3537 1110
3537 632 3538 0001
260 2936 3539 0001
3538 3539 3540 0111
260 260 3541 1110
3541 633 3542 0001
260 2937 3543 0001
3542 3543 3544 0111
260 260 3545 1110
3545 634 3546 0001
260 2938 3547 0001
3546 3547 3548 0111
260 260 3549 1110
3549 635 3550 0001
260 2939 3551 0001
3550 3551 3552 0111
260 260 3553 1110
3553 636 3554 0001
260 2940 3555 0001
3554 3555 3556 0111
260 260 3557 1110
3557 637 3558 0001
260 2941 3559 0001
3558 3559 3560 0111
260 260 3561 1110
3561 638 3562 0001
260 2942 3563 0001
3562 3563 3564 0111
260 260 3565 1110
3565 639 3566 0001
260 2943 3567 0001
3566 3567 3568 0111
260 260 3569 1110
3569 640 3570 0001
260 2944 3571 0001
3570 3571 3572 0111
260 260 3573 1110
3573 641 3574 0001
260 2945 3575 0001
3574 3575 3576 0111
260 260 3577 1110
3577 642 3578 0001
260 2946 3579 0001
3578 3579 3580 0111
260 260 3581 1110
3581 643 3582 0001
260 2947 3583 0001
3582 3583 3584 0111
260 260 3585 1110
3585 644 3586 0001
260 2948 3587 0001
3586 3587 3588 0111
260 260 3589 1110
3589 645 3590 0001
260 2949 3591 0001
3590 3591 3592 0111
260 260 3593 1110
3593 646 3594 0001
260 2950 3595 0001
3594 3595 3596 0111
260 260 3597 1110
3597 647 3598 0001
260 2951 3599 0001
3598 3599 3600 0111
260 260 3601 1110
3601 648 3602 0001
260 2952 3603 0001
3602 3603 3604 0111
260 260 3605 1110
3605 649 3606 0001
260 2953 3607 0001
3606 3607 3608 0111
260 260 3609 1110
3609 650 3610 0001
260 2954 3611 0001
3610 3611 3612 0111
260 260 3613 1110
3613 651 3614 0001
260 2955 3615 0001
3614 3615 3616 0111
260 260 3617 1110
3617 652 3618 0001
260 2956 3619 0001
3618 3619 3620 0111
260 260 3621 1110
3621 653 3622 0001
260 2957 3623 0001
3622 3623 3624 0111
260 260 3625 1110
3625 654 3626 0001
260 2958 3627 0001
3626 3627 3628 0111
260 260 3629 1110
3629 655 3630 0001
260 2959 3631 0001
3630 3631 3632 0111
260 260 3633 1110
3633 656 3634 0001
260 2960 3635 0001
3634 3635 3636 0111
260 260 3637 1110
3637 657 3638 0001
260 2961 3639 0001
3638 3639 3640 0111
260 260 3641 1110
3641 658 3642 0001
260 2962 3643 0001
3642 3643 3644 0111
260 260 3645 1110
3645 659 3646 0001
260 2963 3647 0001
3646 3647 3648 0111
260 260 3649 1110
3649 660 3650 0001
260 2964 3651 0001
3650 3651 3652 0111
260 260 3653 1110
3653 661 3654 0001
260 2965 3655 0001
3654 3655 3656 0111
260 260 3657 1110
3657 662 3658 0001
260 2966 3659 0001
3658 3659 3660 0111
260 260 3661 1110
3661 663 3662 0001
260 2967 3663 0001
3662 3663 3664 0111
260 260 3665 1110
3665 664 3666 0001
260 2968 3667 0001
3666 3667 3668 0111
260 260 3669 1110
3669 665 3670 0001
260 2969 3671 0001
3670 3671 3672 0111
260 260 3673 1110
3673 666 3674 0001
260 2970 3675 0001
3674 3675 3676 0111
260 260 3677 1110
3677 667 3678 0001
260 2971 3679 0001
3678 3679 3680 0111
260 260 3681 1110
3681 668 3682 0001
260 2972 3683 0001
3682 3683 3684 0111
260 260 3685 1110
3685 669 3686 0001
260 2973 3687 0001
3686 3687 3688 0111
260 260 3689 1110
3689 670 3690 0001
260 2974 3691 0001
3690 3691 3692 0111
260 260 3693 1110
3693 671 3694 0001
260 2975 3695 0001
3694 3695 3696 0111
260 260 3697 1110
3697 672 3698 0001
260 2976 3699 0001
3698 3699 3700 0111
260 260 3701 1110
3701 673 3702 0001
260 2977 3703 0001
3702 3703 3704 0111
260 260 3705 1110
3705 674 3706 0001
260 2978 3707 0001
3706 3707 3708 0111
260 260 3709 1110
3709 675 3710 0001
260 2979 3711 0001
3710 3711 3712 0111
260 260 3713 1110
3713 676 3714 0001
260 2980 3715 0001
3714 3715 3716 0111
260 260 3717 1110
3717 677 3718 0001
260 2981 3719 0001
3718 3719 3720 0111
260 260 3721 1110
3721 678 3722 0001
260 2982 3723 0001
3722 3723 3724 0111
260 260 3725 1110
3725 679 3726 0001
260 2983 3727 0001
3726 3727 3728 0111
260 260 3729 1110
3729 680 3730 0001
260 2984 3731 0001
3730 3731 3732 0111
260 260 3733 1110
3733 681 3734 0001
260 2985 3735 0001
3734 3735 3736 0111
260 260 3737 1110
3737 682 3738 0001
260 2986 3739 0001
3738 3739 3740 0111
260 260 3741 1110
3741 683 3742 0001
260 2987 3743 0001
3742 3743 3744 0111
260 260 3745 1110
3745 684 3746 0001
260 2988 3747 0001
3746 3747 3748 0111
260 260 3749 1110
3749 685 3750 0001
260 2989 3751 0001
3750 3751 3752 0111
260 260 3753 1110
3753 686 3754 0001
260 2990 3755 0001
3754 3755 3756 0111
260 260 3757 1110
3757 687 3758 0001
260 2991 3759 0001
3758 3759 3760 0111
260 260 3761 1110
3761 688 3762 0001
260 2992 3763 0001
3762 3763 3764 0111
260 260 3765 1110
3765 689 3766 0001
260 2993 3767 0001
3766 3767 3768 0111
260 260 3769 1110
3769 690 3770 0001
260 2994 3771 0001
3770 3771 3772 0111
260 260 3773 1110
3773 691 3774 0001
260 2995 3775 0001
3774 3775 3776 0111
260 260 3777 1110
3777 692 3778 0001
260 2996 3779 0001
3778 3779 3780 0111
260 260 3781 1110
3781 693 3782 0001
260 2997 3783 0001
3782 3783 3784 0111
260 260 3785 1110
3785 694 3786 0001
260 2998 3787 0001
3786 3787 3788 0111
260 260 3789 1110
3789 695 3790 0001
260 2999 3791 0001
3790 3791 3792 0111
260 260 3793 1110
3793 696 3794 0001
260 3000 3795 0001
3794 3795 3796 0111
260 260 3797 1110
3797 697 3798 0001
260 3001 3799 0001
3798 3799 3800 0111
260 260 3801 1110
3801 698 3802 0001
260 3002 3803 0001
3802 3803 3804 0111
260 260 3805 1110
3805 699 3806 0001
260 3003 3807 0001
3806 3807 3808 0111
260 260 3809 1110
3809 700 3810 0001
260 3004 3811 0001
3810 3811 3812 0111
260 260 3813 1110
3813 701 3814 0001
260 3005 3815 0001
3814 3815 3816 0111
260 260 3817 1110
3817 702 3818 0001
260 3006 3819 0001
3818 3819 3820 0111
260 260 3821 1110
3821 703 3822 0001
260 3007 3823 0001
3822 3823 3824 0111
260 260 3825 1110
3825 704 3826 0001
260 3008 3827 0001
3826 3827 3828 0111
260 260 3829 1110
3829 705 3830 0001
260 3009 3831 0001
3830 3831 3832 0111
260 260 3833 1110
3833 706 3834 0001
260 3010 3835 0001
3834 3835 3836 0111
260 260 3837 1110
3837 707 3838 0001
260 3011 3839 0001
3838 3839 3840 0111
260 260 3841 1110
3841 708 3842 0001
260 3012 3843 0001
3842 3843 3844 0111
260 260 3845 1110
3845 709 3846 0001
260 3013 3847 0001
3846 3847 3848 0111
260 260 3849 1110
3849 710 3850 0001
260 3014 3851 0001
3850 3851 3852 0111
260 260 3853 1110
3853 711 3854 0001
260 3015 3855 0001
3854 3855 3856 0111
260 260 3857 1110
3857 712 3858 0001
260 3016 3859 0001
3858 3859 3860 0111
260 260 3861 1110
3861 713 3862 0001
260 3017 3863 0001
3862 3863 3864 0111
260 260 3865 1110
3865 714 3866 0001
260 3018 3867 0001
3866 3867 3868 0111
260 260 3869 1110
3869 715 3870 0001
260 3019 3871 0001
3870 3871 3872 0111
260 260 3873 1110
3873 716 3874 0001
260 3020 3875 0001
3874 3875 3876 0111
260 260 3877 1110
3877 717 3878 0001
260 3021 3879 0001
3878 3879 3880 0111
260 260 3881 1110
3881 718 3882 0001
260 3022 3883 0001
3882 3883 3884 0111
260 260 3885 1110
3885 719 3886 0001
260 3023 3887 0001
3886 3887 3888 0111
260 260 3889 1110
3889 720 3890 0001
260 3024 3891 0001
3890 3891 3892 0111
260 260 3893 1110
3893 721 3894 0001
260 3025 3895 0001
3894 3895 3896 0111
260 260 3897 1110
3897 722 3898 0001
260 3026 3899 0001
3898 3899 3900 0111
260 260 3901 1110
3901 723 3902 0001
260 3027 3903 0001
3902 3903 3904 0111
260 260 3905 1110
3905 724 3906 0001
260 3028 3907 0001
3906 3907 3908 0111
260 260 3909 1110
3909 725 3910 0001
260 3029 3911 0001
3910 3911 3912 0111
260 260 3913 1110
3913 726 3914 0001
260 3030 3915 0001
3914 3915 3916 0111
260 260 3917 1110
3917 727 3918 0001
260 3031 3919 0001
3918 3919 3920 0111
260 260 3921 1110
3921 728 3922 0001
260 3032 3923 0001
3922 3923 3924 0111
260 260 3925 1110
3925 729 3926 0001
260 3033 3927 0001
3926 3927 3928 0111
260 260 3929 1110
3929 730 3930 0001
260 3034 3931 0001
3930 3931 3932 0111
260 260 3933 1110
3933 731 3934 0001
260 3035 3935 0001
3934 3935 3936 0111
260 260 3937 1110
3937 732 3938 0001
260 3036 3939 0001
3938 3939 3940 0111
260 260 3941 1110
3941 733 3942 0001
260 3037 3943 0001
3942 3943 3944 0111
260 260 3945 1110
3945 734 3946 0001
260 3038 3947 0001
3946 3947 3948 0111
260 260 3949 1110
3949 735 3950 0001
260 3039 3951 0001
3950 3951 3952 0111
260 260 3953 1110
3953 736 3954 0001
260 3040 3955 0001
3954 3955 3956 0111
260 260 3957 1110
3957 737 3958 0001
260 3041 3959 0001
3958 3959 3960 0111
260 260 3961 1110
3961 738 3962 0001
260 3042 3963 0001
3962 3963 3964 0111
260 260 3965 1110
3965 739 3966 0001
260 3043 3967 0001
3966 3967 3968 0111
260 260 3969 1110
3969 740 3970 0001
260 3044 3971 0001
3970 3971 3972 0111
260 260 3973 1110
3973 741 3974 0001
260 3045 3975 0001
3974 3975 3976 0111
260 260 3977 1110
3977 742 3978 0001
260 3046 3979 0001
3978 3979 3980 0111
260 260 3981 1110
3981 743 3982 0001
260 3047 3983 0001
3982 3983 3984 0111
260 260 3985 1110
3985 744 3986 0001
260 3048 3987 0001
3986 3987 3988 0111
260 260 3989 1110
3989 745 3990 0001
260 3049 3991 0001
3990 3991 3992 0111
260 260 3993 1110
3993 746 3994 0001
260 3050 3995 0001
3994 3995 3996 0111
260 260 3997 1110
3997 747 3998 0001
260 3051 3999 0001
3998 3999 4000 0111
260 260 4001 1110
4001 748 4002 0001
260 3052 4003 0001
4002 4003 4004 0111
260 260 4005 1110
4005 749 4006 0001
260 3053 4007 0001
4006 4007 4008 0111
260 260 4009 1110
4009 750 4010 0001
260 3054 4011 0001
4010 4011 4012 0111
260 260 4013 1110
4013 751 4014 0001
260 3055 4015 0001
4014 4015 4016 0111
260 260 4017 1110
4017 752 4018 0001
260 3056 4019 0001
4018 4019 4020 0111
260 260 4021 1110
4021 753 4022 0001
260 3057 4023 0001
4022 4023 4024 0111
260 260 4025 1110
4025 754 4026 0001
260 3058 4027 0001
4026 4027 4028 0111
260 260 4029 1110
4029 755 4030 0001
260 3059 4031 0001
4030 4031 4032 0111
260 260 4033 1110
4033 756 4034 0001
260 3060 4035 0001
4034 4035 4036 0111
260 260 4037 1110
4037 757 4038 0001
260 3061 4039 0001
4038 4039 4040 0111
260 260 4041 1110
4041 758 4042 0001
260 3062 4043 0001
4042 4043 4044 0111
260 260 4045 1110
4045 759 4046 0001
260 3063 4047 0001
4046 4047 4048 0111
260 260 4049 1110
4049 760 4050 0001
260 3064 4051 0001
4050 4051 4052 0111
260 260 4053 1110
4053 761 4054 0001
260 3065 4055 0001
4054 4055 4056 0111
260 260 4057 1110
4057 762 4058 0001
260 3066 4059 0001
4058 4059 4060 0111
260 260 4061 1110
4061 763 4062 0001
260 3067 4063 0001
4062 4063 4064 0111
260 260 4065 1110
4065 764 4066 0001
260 3068 4067 0001
4066 4067 4068 0111
260 260 4069 1110
4069 765 4070 0001
260 3069 4071 0001
4070 4071 4072 0111
260 260 4073 1110
4073 766 4074 0001
260 3070 4075 0001
4074 4075 4076 0111
260 260 4077 1110
4077 767 4078 0001
260 3071 4079 0001
4078 4079 4080 0111
260 260 4081 1110
4081 768 4082 0001
260 3072 4083 0001
4082 4083 4084 0111
260 260 4085 1110
4085 769 4086 0001
260 3073 4087 0001
4086 4087 4088 0111
260 260 4089 1110
4089 770 4090 0001
260 3074 4091 0001
4090 4091 4092 0111
260 260 4093 1110
4093 771 4094 0001
260 3075 4095 0001
4094 4095 4096 0111
260 260 4097 1110
4097 772 4098 0001
260 3076 4099 0001
4098 4099 4100 0111
3080 3080 4101 0001
3084 3084 4102 0001
3088 3088 4103 0001
3092 3092 4104 0001
3096 3096 4105 0001
3100 3100 4106 0001
3104 3104 4107 0001
3108 3108 4108 0001
3112 3112 4109 0001
3116 3116 4110 0001
3120 3120 4111 0001
3124 3124 4112 0001
3128 3128 4113 0001
3132 3132 4114 0001
3136 3136 4115 0001
3140 3140 4116 0001
3144 3144 4117 0001
3148 3148 4118 0001
3152 3152 4119 0001
3156 3156 4120 0001
3160 3160 4121 0001
3164 3164 4122 0001
3168 3168 4123 0001
3172 3172 4124 0001
3176 3176 4125 0001
3180 3180 4126 0001
3184 3184 4127 0001
3188 3188 4128 0001
3192 3192 4129 0001
3196 3196 4130 0001
3200 3200 4131 0001
3204 3204 4132 0001
3208 3208 4133 0001
3212 3212 4134 0001
3216 3216 4135 0001
3220 3220 4136 0001
3224 3224 4137 0001
3228 3228 4138 0001
3232 3232 4139 0001
3236 3236 4140 0001
3240 3240 4141 0001
3244 3244 4142 0001
3248 3248 4143 0001
3252 3252 4144 0001
3256 3256 4145 0001
3260 3260 4146 0001
3264 3264 4147 0001
3268 3268 4148 0001
3272 3272 4149 0001
3276 3276 4150 0001
3280 3280 4151 0001
3284 3284 4152 0001
3288 3288 4153 0001
3292 3292 4154 0001
3296 3296 4155 0001
3300 3300 4156 0001
3304 3304 4157 0001
3308 3308 4158 0001
3312 3312 4159 0001
3316 3316 4160 0001
3320 3320 4161 0001
3324 3324 4162 0001
3328 3328 4163 0001
3332 3332 4164 0001
3336 3336 4165 0001
3340 3340 4166 0001
3344 3344 4167 0001
3348 3348 4168 0001
3352 3352 4169 0001
3356 3356 4170 0001
3360 3360 4171 0001
3364 3364 4172 0001
3368 3368 4173 0001
3372 3372 4174 0001
3376 3376 4175 0001
3380 3380 4176 0001
3384 3384 4177 0001
3388 3388 4178 0001
3392 3392 4179 0001
3396 3396 4180 0001
3400 3400 4181 0001
3404 3404 4182 0001
3408 3408 4183 0001
3412 3412 4184 0001
3416 3416 4185 0001
3420 3420 4186 0001
3424 3424 4187 0001
3428 3428 4188 0001
3432 3432 4189 0001
3436 3436 4190 0001
3440 3440 4191 0001
3444 3444 4192 0001
3448 3448 4193 0001
3452 3452 4194 0001
3456 3456 4195 0001
3460 3460 4196 0001
3464 3464 4197 0001
3468 3468 4198 0001
3472 3472 4199 0001
3476 3476 4200 0001
3480 3480 4201 0001
3484 3484 4202 0001
3488 3488 4203 0001
3492 3492 4204 0001
3496 3496 4205 0001
3500 3500 4206 0001
3504 3504 4207 0001
3508 3508 4208 0001
3512 3512 4209 0001
3516 3516 4210 0001
3520 3520 4211 0001
3524 3524 4212 0001
3528 3528 4213 0001
3532 3532 4214 0001
3536 3536 4215 0001
3540 3540 4216 0001
3544 3544 4217 0001
3548 3548 4218 0001
3552 3552 4219 0001
3556 3556 4220 0001
3560 3560 4221 0001
3564 3564 4222 0001
3568 3568 4223 0001
3572 3572 4224 0001
3576 3576 4225 0001
3580 3580 4226 0001
3584 3584 4227 0001
3588 3588 4228 0001
3592 3592 4229 0001
3596 3596 4230 0001
3600 3600 4231 0001
3604 3604 4232 0001
3608 3608 4233 0001
3612 3612 4234 0001
3616 3616 4235 0001
3620 3620 4236 0001
3624 3624 4237 0001
3628 3628 4238 0001
3632 3632 4239 0001
3636 3636 4240 0001
3640 3640 4241 0001
3644 3644 4242 0001
3648 3648 4243 0001
3652 3652 4244 0001
3656 3656 4245 0001
3660 3660 4246 0001
3664 3664 4247 0001
3668 3668 4248 0001
3672 3672 4249 0001
3676 3676 4250 0001
3680 3680 4251 0001
3684 3684 4252 0001
3688 3688 4253 0001
3692 3692 4254 0001
3696 3696 4255 0001
3700 3700 4256 0001
3704 3704 4257 0001
3708 3708 4258 0001
3712 3712 4259 0001
3716 3716 4260 0001
3720 3720 4261 0001
3724 3724 4262 0001
3728 3728 4263 0001
3732 3732 4264 0001
3736 3736 4265 0001
3740 3740 4266 0001
3744 3744 4267 0001
3748 3748 4268 0001
3752 3752 4269 0001
3756 3756 4270 0001
3760 3760 4271 0001
3764 3764 4272 0001
3768 3768 4273 0001
3772 3772 4274 0001
3776 3776 4275 0001
3780 3780 4276 0001
3784 3784 4277 0001
3788 3788 4278 0001
3792 3792 4279 0001
3796 3796 4280 0001
3800 3800 4281 0001
3804 3804 4282 0001
3808 3808 4283 0001
3812 3812 4284 0001
3816 3816 4285 0001
3820 3820 4286 0001
3824 3824 4287 0001
3828 3828 4288 0001
3832 3832 4289 0001
3836 3836 4290 0001
3840 3840 4291 0001
3844 3844 4292 0001
3848 3848 4293 0001
3852 3852 4294 0001
3856 3856 4295 0001
3860 3860 4296 0001
3864 3864 4297 0001
3868 3868 4298 0001
3872 3872 4299 0001
3876 3876 4300 0001
3880 3880 4301 0001
3884 3884 4302 0001
3888 3888 4303 0001
3892 3892 4304 0001
3896 3896 4305 0001
3900 3900 4306 0001
3904 3904 4307 0001
3908 3908 4308 0001
3912 3912 4309 0001
3916 3916 4310 0001
3920 3920 4311 0001
3924 3924 4312 0001
3928 3928 4313 0001
3932 3932 4314 0001
3936 3936 4315 0001
3940 3940 4316 0001
3944 3944 4317 0001
3948 3948 4318 0001
3952 3952 4319 0001
3956 3956 4320 0001
3960 3960 4321 0001
3964 3964 4322 0001
3968 3968 4323 0001
3972 3972 4324 0001
3976 3976 4325 0001
3980 3980 4326 0001
3984 3984 4327 0001
3988 3988 4328 0001
3992 3992 4329 0001
3996 3996 4330 0001
4000 4000 4331 0001
4004 4004 4332 0001
4008 4008 4333 0001
4012 4012 4334 0001
4016 4016 4335 0001
4020 4020 4336 0001
4024 4024 4337 0001
4028 4028 4338 0001
4032 4032 4339 0001
4036 4036 4340 0001
4040 4040 4341 0001
4044 4044 4342 0001
4048 4048 4343 0001
4052 4052 4344 0001
4056 4056 4345 0001
4060 4060 4346 0001
4064 4064 4347 0001
4068 4068 4348 0001
4072 4072 4349 0001
4076 4076 4350 0001
4080 4080 4351 0001
4084 4084 4352 0001
4088 4088 4353 0001
4092 4092 4354 0001
4096 4096 4355 0001
4100 4100 4356 0001
