2560 3332
2 260 512
1 256

2 1 3 3 772 AND
2 1 4 4 773 AND
2 1 5 5 774 AND
2 1 6 6 775 AND
2 1 7 7 776 AND
2 1 8 8 777 AND
2 1 9 9 778 AND
2 1 10 10 779 AND
2 1 11 11 780 AND
2 1 12 12 781 AND
2 1 13 13 782 AND
2 1 14 14 783 AND
2 1 15 15 784 AND
2 1 16 16 785 AND
2 1 17 17 786 AND
2 1 18 18 787 AND
2 1 19 19 788 AND
2 1 20 20 789 AND
2 1 21 21 790 AND
2 1 22 22 791 AND
2 1 23 23 792 AND
2 1 24 24 793 AND
2 1 25 25 794 AND
2 1 26 26 795 AND
2 1 27 27 796 AND
2 1 28 28 797 AND
2 1 29 29 798 AND
2 1 30 30 799 AND
2 1 31 31 800 AND
2 1 32 32 801 AND
2 1 33 33 802 AND
2 1 34 34 803 AND
2 1 35 35 804 AND
2 1 36 36 805 AND
2 1 37 37 806 AND
2 1 38 38 807 AND
2 1 39 39 808 AND
2 1 40 40 809 AND
2 1 41 41 810 AND
2 1 42 42 811 AND
2 1 43 43 812 AND
2 1 44 44 813 AND
2 1 45 45 814 AND
2 1 46 46 815 AND
2 1 47 47 816 AND
2 1 48 48 817 AND
2 1 49 49 818 AND
2 1 50 50 819 AND
2 1 51 51 820 AND
2 1 52 52 821 AND
2 1 53 53 822 AND
2 1 54 54 823 AND
2 1 55 55 824 AND
2 1 56 56 825 AND
2 1 57 57 826 AND
2 1 58 58 827 AND
2 1 59 59 828 AND
2 1 60 60 829 AND
2 1 61 61 830 AND
2 1 62 62 831 AND
2 1 63 63 832 AND
2 1 64 64 833 AND
2 1 65 65 834 AND
2 1 66 66 835 AND
2 1 67 67 836 AND
2 1 68 68 837 AND
2 1 69 69 838 AND
2 1 70 70 839 AND
2 1 71 71 840 AND
2 1 72 72 841 AND
2 1 73 73 842 AND
2 1 74 74 843 AND
2 1 75 75 844 AND
2 1 76 76 845 AND
2 1 77 77 846 AND
2 1 78 78 847 AND
2 1 79 79 848 AND
2 1 80 80 849 AND
2 1 81 81 850 AND
2 1 82 82 851 AND
2 1 83 83 852 AND
2 1 84 84 853 AND
2 1 85 85 854 AND
2 1 86 86 855 AND
2 1 87 87 856 AND
2 1 88 88 857 AND
2 1 89 89 858 AND
2 1 90 90 859 AND
2 1 91 91 860 AND
2 1 92 92 861 AND
2 1 93 93 862 AND
2 1 94 94 863 AND
2 1 95 95 864 AND
2 1 96 96 865 AND
2 1 97 97 866 AND
2 1 98 98 867 AND
2 1 99 99 868 AND
2 1 100 100 869 AND
2 1 101 101 870 AND
2 1 102 102 871 AND
2 1 103 103 872 AND
2 1 104 104 873 AND
2 1 105 105 874 AND
2 1 106 106 875 AND
2 1 107 107 876 AND
2 1 108 108 877 AND
2 1 109 109 878 AND
2 1 110 110 879 AND
2 1 111 111 880 AND
2 1 112 112 881 AND
2 1 113 113 882 AND
2 1 114 114 883 AND
2 1 115 115 884 AND
2 1 116 116 885 AND
2 1 117 117 886 AND
2 1 118 118 887 AND
2 1 119 119 888 AND
2 1 120 120 889 AND
2 1 121 121 890 AND
2 1 122 122 891 AND
2 1 123 123 892 AND
2 1 124 124 893 AND
2 1 125 125 894 AND
2 1 126 126 895 AND
2 1 127 127 896 AND
2 1 128 128 897 AND
2 1 129 129 898 AND
2 1 130 130 899 AND
2 1 131 131 900 AND
2 1 132 132 901 AND
2 1 133 133 902 AND
2 1 134 134 903 AND
2 1 135 135 904 AND
2 1 136 136 905 AND
2 1 137 137 906 AND
2 1 138 138 907 AND
2 1 139 139 908 AND
2 1 140 140 909 AND
2 1 141 141 910 AND
2 1 142 142 911 AND
2 1 143 143 912 AND
2 1 144 144 913 AND
2 1 145 145 914 AND
2 1 146 146 915 AND
2 1 147 147 916 AND
2 1 148 148 917 AND
2 1 149 149 918 AND
2 1 150 150 919 AND
2 1 151 151 920 AND
2 1 152 152 921 AND
2 1 153 153 922 AND
2 1 154 154 923 AND
2 1 155 155 924 AND
2 1 156 156 925 AND
2 1 157 157 926 AND
2 1 158 158 927 AND
2 1 159 159 928 AND
2 1 160 160 929 AND
2 1 161 161 930 AND
2 1 162 162 931 AND
2 1 163 163 932 AND
2 1 164 164 933 AND
2 1 165 165 934 AND
2 1 166 166 935 AND
2 1 167 167 936 AND
2 1 168 168 937 AND
2 1 169 169 938 AND
2 1 170 170 939 AND
2 1 171 171 940 AND
2 1 172 172 941 AND
2 1 173 173 942 AND
2 1 174 174 943 AND
2 1 175 175 944 AND
2 1 176 176 945 AND
2 1 177 177 946 AND
2 1 178 178 947 AND
2 1 179 179 948 AND
2 1 180 180 949 AND
2 1 181 181 950 AND
2 1 182 182 951 AND
2 1 183 183 952 AND
2 1 184 184 953 AND
2 1 185 185 954 AND
2 1 186 186 955 AND
2 1 187 187 956 AND
2 1 188 188 957 AND
2 1 189 189 958 AND
2 1 190 190 959 AND
2 1 191 191 960 AND
2 1 192 192 961 AND
2 1 193 193 962 AND
2 1 194 194 963 AND
2 1 195 195 964 AND
2 1 196 196 965 AND
2 1 197 197 966 AND
2 1 198 198 967 AND
2 1 199 199 968 AND
2 1 200 200 969 AND
2 1 201 201 970 AND
2 1 202 202 971 AND
2 1 203 203 972 AND
2 1 204 204 973 AND
2 1 205 205 974 AND
2 1 206 206 975 AND
2 1 207 207 976 AND
2 1 208 208 977 AND
2 1 209 209 978 AND
2 1 210 210 979 AND
2 1 211 211 980 AND
2 1 212 212 981 AND
2 1 213 213 982 AND
2 1 214 214 983 AND
2 1 215 215 984 AND
2 1 216 216 985 AND
2 1 217 217 986 AND
2 1 218 218 987 AND
2 1 219 219 988 AND
2 1 220 220 989 AND
2 1 221 221 990 AND
2 1 222 222 991 AND
2 1 223 223 992 AND
2 1 224 224 993 AND
2 1 225 225 994 AND
2 1 226 226 995 AND
2 1 227 227 996 AND
2 1 228 228 997 AND
2 1 229 229 998 AND
2 1 230 230 999 AND
2 1 231 231 1000 AND
2 1 232 232 1001 AND
2 1 233 233 1002 AND
2 1 234 234 1003 AND
2 1 235 235 1004 AND
2 1 236 236 1005 AND
2 1 237 237 1006 AND
2 1 238 238 1007 AND
2 1 239 239 1008 AND
2 1 240 240 1009 AND
2 1 241 241 1010 AND
2 1 242 242 1011 AND
2 1 243 243 1012 AND
2 1 244 244 1013 AND
2 1 245 245 1014 AND
2 1 246 246 1015 AND
2 1 247 247 1016 AND
2 1 248 248 1017 AND
2 1 249 249 1018 AND
2 1 250 250 1019 AND
2 1 251 251 1020 AND
2 1 252 252 1021 AND
2 1 253 253 1022 AND
2 1 254 254 1023 AND
2 1 255 255 1024 AND
2 1 256 256 1025 AND
2 1 257 257 1026 AND
2 1 258 258 1027 AND
2 1 772 772 1028 AND
2 1 773 773 1029 AND
2 1 774 774 1030 AND
2 1 775 775 1031 AND
2 1 776 776 1032 AND
2 1 777 777 1033 AND
2 1 778 778 1034 AND
2 1 779 779 1035 AND
2 1 780 780 1036 AND
2 1 781 781 1037 AND
2 1 782 782 1038 AND
2 1 783 783 1039 AND
2 1 784 784 1040 AND
2 1 785 785 1041 AND
2 1 786 786 1042 AND
2 1 787 787 1043 AND
2 1 788 788 1044 AND
2 1 789 789 1045 AND
2 1 790 790 1046 AND
2 1 791 791 1047 AND
2 1 792 792 1048 AND
2 1 793 793 1049 AND
2 1 794 794 1050 AND
2 1 795 795 1051 AND
2 1 796 796 1052 AND
2 1 797 797 1053 AND
2 1 798 798 1054 AND
2 1 799 799 1055 AND
2 1 800 800 1056 AND
2 1 801 801 1057 AND
2 1 802 802 1058 AND
2 1 803 803 1059 AND
2 1 804 804 1060 AND
2 1 805 805 1061 AND
2 1 806 806 1062 AND
2 1 807 807 1063 AND
2 1 808 808 1064 AND
2 1 809 809 1065 AND
2 1 810 810 1066 AND
2 1 811 811 1067 AND
2 1 812 812 1068 AND
2 1 813 813 1069 AND
2 1 814 814 1070 AND
2 1 815 815 1071 AND
2 1 816 816 1072 AND
2 1 817 817 1073 AND
2 1 818 818 1074 AND
2 1 819 819 1075 AND
2 1 820 820 1076 AND
2 1 821 821 1077 AND
2 1 822 822 1078 AND
2 1 823 823 1079 AND
2 1 824 824 1080 AND
2 1 825 825 1081 AND
2 1 826 826 1082 AND
2 1 827 827 1083 AND
2 1 828 828 1084 AND
2 1 829 829 1085 AND
2 1 830 830 1086 AND
2 1 831 831 1087 AND
2 1 832 832 1088 AND
2 1 833 833 1089 AND
2 1 834 834 1090 AND
2 1 835 835 1091 AND
2 1 836 836 1092 AND
2 1 837 837 1093 AND
2 1 838 838 1094 AND
2 1 839 839 1095 AND
2 1 840 840 1096 AND
2 1 841 841 1097 AND
2 1 842 842 1098 AND
2 1 843 843 1099 AND
2 1 844 844 1100 AND
2 1 845 845 1101 AND
2 1 846 846 1102 AND
2 1 847 847 1103 AND
2 1 848 848 1104 AND
2 1 849 849 1105 AND
2 1 850 850 1106 AND
2 1 851 851 1107 AND
2 1 852 852 1108 AND
2 1 853 853 1109 AND
2 1 854 854 1110 AND
2 1 855 855 1111 AND
2 1 856 856 1112 AND
2 1 857 857 1113 AND
2 1 858 858 1114 AND
2 1 859 859 1115 AND
2 1 860 860 1116 AND
2 1 861 861 1117 AND
2 1 862 862 1118 AND
2 1 863 863 1119 AND
2 1 864 864 1120 AND
2 1 865 865 1121 AND
2 1 866 866 1122 AND
2 1 867 867 1123 AND
2 1 868 868 1124 AND
2 1 869 869 1125 AND
2 1 870 870 1126 AND
2 1 871 871 1127 AND
2 1 872 872 1128 AND
2 1 873 873 1129 AND
2 1 874 874 1130 AND
2 1 875 875 1131 AND
2 1 876 876 1132 AND
2 1 877 877 1133 AND
2 1 878 878 1134 AND
2 1 879 879 1135 AND
2 1 880 880 1136 AND
2 1 881 881 1137 AND
2 1 882 882 1138 AND
2 1 883 883 1139 AND
2 1 884 884 1140 AND
2 1 885 885 1141 AND
2 1 886 886 1142 AND
2 1 887 887 1143 AND
2 1 888 888 1144 AND
2 1 889 889 1145 AND
2 1 890 890 1146 AND
2 1 891 891 1147 AND
2 1 892 892 1148 AND
2 1 893 893 1149 AND
2 1 894 894 1150 AND
2 1 895 895 1151 AND
2 1 896 896 1152 AND
2 1 897 897 1153 AND
2 1 898 898 1154 AND
2 1 899 899 1155 AND
2 1 900 900 1156 AND
2 1 901 901 1157 AND
2 1 902 902 1158 AND
2 1 903 903 1159 AND
2 1 904 904 1160 AND
2 1 905 905 1161 AND
2 1 906 906 1162 AND
2 1 907 907 1163 AND
2 1 908 908 1164 AND
2 1 909 909 1165 AND
2 1 910 910 1166 AND
2 1 911 911 1167 AND
2 1 912 912 1168 AND
2 1 913 913 1169 AND
2 1 914 914 1170 AND
2 1 915 915 1171 AND
2 1 916 916 1172 AND
2 1 917 917 1173 AND
2 1 918 918 1174 AND
2 1 919 919 1175 AND
2 1 920 920 1176 AND
2 1 921 921 1177 AND
2 1 922 922 1178 AND
2 1 923 923 1179 AND
2 1 924 924 1180 AND
2 1 925 925 1181 AND
2 1 926 926 1182 AND
2 1 927 927 1183 AND
2 1 928 928 1184 AND
2 1 929 929 1185 AND
2 1 930 930 1186 AND
2 1 931 931 1187 AND
2 1 932 932 1188 AND
2 1 933 933 1189 AND
2 1 934 934 1190 AND
2 1 935 935 1191 AND
2 1 936 936 1192 AND
2 1 937 937 1193 AND
2 1 938 938 1194 AND
2 1 939 939 1195 AND
2 1 940 940 1196 AND
2 1 941 941 1197 AND
2 1 942 942 1198 AND
2 1 943 943 1199 AND
2 1 944 944 1200 AND
2 1 945 945 1201 AND
2 1 946 946 1202 AND
2 1 947 947 1203 AND
2 1 948 948 1204 AND
2 1 949 949 1205 AND
2 1 950 950 1206 AND
2 1 951 951 1207 AND
2 1 952 952 1208 AND
2 1 953 953 1209 AND
2 1 954 954 1210 AND
2 1 955 955 1211 AND
2 1 956 956 1212 AND
2 1 957 957 1213 AND
2 1 958 958 1214 AND
2 1 959 959 1215 AND
2 1 960 960 1216 AND
2 1 961 961 1217 AND
2 1 962 962 1218 AND
2 1 963 963 1219 AND
2 1 964 964 1220 AND
2 1 965 965 1221 AND
2 1 966 966 1222 AND
2 1 967 967 1223 AND
2 1 968 968 1224 AND
2 1 969 969 1225 AND
2 1 970 970 1226 AND
2 1 971 971 1227 AND
2 1 972 972 1228 AND
2 1 973 973 1229 AND
2 1 974 974 1230 AND
2 1 975 975 1231 AND
2 1 976 976 1232 AND
2 1 977 977 1233 AND
2 1 978 978 1234 AND
2 1 979 979 1235 AND
2 1 980 980 1236 AND
2 1 981 981 1237 AND
2 1 982 982 1238 AND
2 1 983 983 1239 AND
2 1 984 984 1240 AND
2 1 985 985 1241 AND
2 1 986 986 1242 AND
2 1 987 987 1243 AND
2 1 988 988 1244 AND
2 1 989 989 1245 AND
2 1 990 990 1246 AND
2 1 991 991 1247 AND
2 1 992 992 1248 AND
2 1 993 993 1249 AND
2 1 994 994 1250 AND
2 1 995 995 1251 AND
2 1 996 996 1252 AND
2 1 997 997 1253 AND
2 1 998 998 1254 AND
2 1 999 999 1255 AND
2 1 1000 1000 1256 AND
2 1 1001 1001 1257 AND
2 1 1002 1002 1258 AND
2 1 1003 1003 1259 AND
2 1 1004 1004 1260 AND
2 1 1005 1005 1261 AND
2 1 1006 1006 1262 AND
2 1 1007 1007 1263 AND
2 1 1008 1008 1264 AND
2 1 1009 1009 1265 AND
2 1 1010 1010 1266 AND
2 1 1011 1011 1267 AND
2 1 1012 1012 1268 AND
2 1 1013 1013 1269 AND
2 1 1014 1014 1270 AND
2 1 1015 1015 1271 AND
2 1 1016 1016 1272 AND
2 1 1017 1017 1273 AND
2 1 1018 1018 1274 AND
2 1 1019 1019 1275 AND
2 1 1020 1020 1276 AND
2 1 1021 1021 1277 AND
2 1 1022 1022 1278 AND
2 1 1023 1023 1279 AND
2 1 1024 1024 1280 AND
2 1 1025 1025 1281 AND
2 1 1026 1026 1282 AND
2 1 1027 1027 1283 AND
2 1 1028 1028 1284 AND
2 1 1029 1029 1285 AND
2 1 1030 1030 1286 AND
2 1 1031 1031 1287 AND
2 1 1032 1032 1288 AND
2 1 1033 1033 1289 AND
2 1 1034 1034 1290 AND
2 1 1035 1035 1291 AND
2 1 1036 1036 1292 AND
2 1 1037 1037 1293 AND
2 1 1038 1038 1294 AND
2 1 1039 1039 1295 AND
2 1 1040 1040 1296 AND
2 1 1041 1041 1297 AND
2 1 1042 1042 1298 AND
2 1 1043 1043 1299 AND
2 1 1044 1044 1300 AND
2 1 1045 1045 1301 AND
2 1 1046 1046 1302 AND
2 1 1047 1047 1303 AND
2 1 1048 1048 1304 AND
2 1 1049 1049 1305 AND
2 1 1050 1050 1306 AND
2 1 1051 1051 1307 AND
2 1 1052 1052 1308 AND
2 1 1053 1053 1309 AND
2 1 1054 1054 1310 AND
2 1 1055 1055 1311 AND
2 1 1056 1056 1312 AND
2 1 1057 1057 1313 AND
2 1 1058 1058 1314 AND
2 1 1059 1059 1315 AND
2 1 1060 1060 1316 AND
2 1 1061 1061 1317 AND
2 1 1062 1062 1318 AND
2 1 1063 1063 1319 AND
2 1 1064 1064 1320 AND
2 1 1065 1065 1321 AND
2 1 1066 1066 1322 AND
2 1 1067 1067 1323 AND
2 1 1068 1068 1324 AND
2 1 1069 1069 1325 AND
2 1 1070 1070 1326 AND
2 1 1071 1071 1327 AND
2 1 1072 1072 1328 AND
2 1 1073 1073 1329 AND
2 1 1074 1074 1330 AND
2 1 1075 1075 1331 AND
2 1 1076 1076 1332 AND
2 1 1077 1077 1333 AND
2 1 1078 1078 1334 AND
2 1 1079 1079 1335 AND
2 1 1080 1080 1336 AND
2 1 1081 1081 1337 AND
2 1 1082 1082 1338 AND
2 1 1083 1083 1339 AND
2 1 1084 1084 1340 AND
2 1 1085 1085 1341 AND
2 1 1086 1086 1342 AND
2 1 1087 1087 1343 AND
2 1 1088 1088 1344 AND
2 1 1089 1089 1345 AND
2 1 1090 1090 1346 AND
2 1 1091 1091 1347 AND
2 1 1092 1092 1348 AND
2 1 1093 1093 1349 AND
2 1 1094 1094 1350 AND
2 1 1095 1095 1351 AND
2 1 1096 1096 1352 AND
2 1 1097 1097 1353 AND
2 1 1098 1098 1354 AND
2 1 1099 1099 1355 AND
2 1 1100 1100 1356 AND
2 1 1101 1101 1357 AND
2 1 1102 1102 1358 AND
2 1 1103 1103 1359 AND
2 1 1104 1104 1360 AND
2 1 1105 1105 1361 AND
2 1 1106 1106 1362 AND
2 1 1107 1107 1363 AND
2 1 1108 1108 1364 AND
2 1 1109 1109 1365 AND
2 1 1110 1110 1366 AND
2 1 1111 1111 1367 AND
2 1 1112 1112 1368 AND
2 1 1113 1113 1369 AND
2 1 1114 1114 1370 AND
2 1 1115 1115 1371 AND
2 1 1116 1116 1372 AND
2 1 1117 1117 1373 AND
2 1 1118 1118 1374 AND
2 1 1119 1119 1375 AND
2 1 1120 1120 1376 AND
2 1 1121 1121 1377 AND
2 1 1122 1122 1378 AND
2 1 1123 1123 1379 AND
2 1 1124 1124 1380 AND
2 1 1125 1125 1381 AND
2 1 1126 1126 1382 AND
2 1 1127 1127 1383 AND
2 1 1128 1128 1384 AND
2 1 1129 1129 1385 AND
2 1 1130 1130 1386 AND
2 1 1131 1131 1387 AND
2 1 1132 1132 1388 AND
2 1 1133 1133 1389 AND
2 1 1134 1134 1390 AND
2 1 1135 1135 1391 AND
2 1 1136 1136 1392 AND
2 1 1137 1137 1393 AND
2 1 1138 1138 1394 AND
2 1 1139 1139 1395 AND
2 1 1140 1140 1396 AND
2 1 1141 1141 1397 AND
2 1 1142 1142 1398 AND
2 1 1143 1143 1399 AND
2 1 1144 1144 1400 AND
2 1 1145 1145 1401 AND
2 1 1146 1146 1402 AND
2 1 1147 1147 1403 AND
2 1 1148 1148 1404 AND
2 1 1149 1149 1405 AND
2 1 1150 1150 1406 AND
2 1 1151 1151 1407 AND
2 1 1152 1152 1408 AND
2 1 1153 1153 1409 AND
2 1 1154 1154 1410 AND
2 1 1155 1155 1411 AND
2 1 1156 1156 1412 AND
2 1 1157 1157 1413 AND
2 1 1158 1158 1414 AND
2 1 1159 1159 1415 AND
2 1 1160 1160 1416 AND
2 1 1161 1161 1417 AND
2 1 1162 1162 1418 AND
2 1 1163 1163 1419 AND
2 1 1164 1164 1420 AND
2 1 1165 1165 1421 AND
2 1 1166 1166 1422 AND
2 1 1167 1167 1423 AND
2 1 1168 1168 1424 AND
2 1 1169 1169 1425 AND
2 1 1170 1170 1426 AND
2 1 1171 1171 1427 AND
2 1 1172 1172 1428 AND
2 1 1173 1173 1429 AND
2 1 1174 1174 1430 AND
2 1 1175 1175 1431 AND
2 1 1176 1176 1432 AND
2 1 1177 1177 1433 AND
2 1 1178 1178 1434 AND
2 1 1179 1179 1435 AND
2 1 1180 1180 1436 AND
2 1 1181 1181 1437 AND
2 1 1182 1182 1438 AND
2 1 1183 1183 1439 AND
2 1 1184 1184 1440 AND
2 1 1185 1185 1441 AND
2 1 1186 1186 1442 AND
2 1 1187 1187 1443 AND
2 1 1188 1188 1444 AND
2 1 1189 1189 1445 AND
2 1 1190 1190 1446 AND
2 1 1191 1191 1447 AND
2 1 1192 1192 1448 AND
2 1 1193 1193 1449 AND
2 1 1194 1194 1450 AND
2 1 1195 1195 1451 AND
2 1 1196 1196 1452 AND
2 1 1197 1197 1453 AND
2 1 1198 1198 1454 AND
2 1 1199 1199 1455 AND
2 1 1200 1200 1456 AND
2 1 1201 1201 1457 AND
2 1 1202 1202 1458 AND
2 1 1203 1203 1459 AND
2 1 1204 1204 1460 AND
2 1 1205 1205 1461 AND
2 1 1206 1206 1462 AND
2 1 1207 1207 1463 AND
2 1 1208 1208 1464 AND
2 1 1209 1209 1465 AND
2 1 1210 1210 1466 AND
2 1 1211 1211 1467 AND
2 1 1212 1212 1468 AND
2 1 1213 1213 1469 AND
2 1 1214 1214 1470 AND
2 1 1215 1215 1471 AND
2 1 1216 1216 1472 AND
2 1 1217 1217 1473 AND
2 1 1218 1218 1474 AND
2 1 1219 1219 1475 AND
2 1 1220 1220 1476 AND
2 1 1221 1221 1477 AND
2 1 1222 1222 1478 AND
2 1 1223 1223 1479 AND
2 1 1224 1224 1480 AND
2 1 1225 1225 1481 AND
2 1 1226 1226 1482 AND
2 1 1227 1227 1483 AND
2 1 1228 1228 1484 AND
2 1 1229 1229 1485 AND
2 1 1230 1230 1486 AND
2 1 1231 1231 1487 AND
2 1 1232 1232 1488 AND
2 1 1233 1233 1489 AND
2 1 1234 1234 1490 AND
2 1 1235 1235 1491 AND
2 1 1236 1236 1492 AND
2 1 1237 1237 1493 AND
2 1 1238 1238 1494 AND
2 1 1239 1239 1495 AND
2 1 1240 1240 1496 AND
2 1 1241 1241 1497 AND
2 1 1242 1242 1498 AND
2 1 1243 1243 1499 AND
2 1 1244 1244 1500 AND
2 1 1245 1245 1501 AND
2 1 1246 1246 1502 AND
2 1 1247 1247 1503 AND
2 1 1248 1248 1504 AND
2 1 1249 1249 1505 AND
2 1 1250 1250 1506 AND
2 1 1251 1251 1507 AND
2 1 1252 1252 1508 AND
2 1 1253 1253 1509 AND
2 1 1254 1254 1510 AND
2 1 1255 1255 1511 AND
2 1 1256 1256 1512 AND
2 1 1257 1257 1513 AND
2 1 1258 1258 1514 AND
2 1 1259 1259 1515 AND
2 1 1260 1260 1516 AND
2 1 1261 1261 1517 AND
2 1 1262 1262 1518 AND
2 1 1263 1263 1519 AND
2 1 1264 1264 1520 AND
2 1 1265 1265 1521 AND
2 1 1266 1266 1522 AND
2 1 1267 1267 1523 AND
2 1 1268 1268 1524 AND
2 1 1269 1269 1525 AND
2 1 1270 1270 1526 AND
2 1 1271 1271 1527 AND
2 1 1272 1272 1528 AND
2 1 1273 1273 1529 AND
2 1 1274 1274 1530 AND
2 1 1275 1275 1531 AND
2 1 1276 1276 1532 AND
2 1 1277 1277 1533 AND
2 1 1278 1278 1534 AND
2 1 1279 1279 1535 AND
2 1 1280 1280 1536 AND
2 1 1281 1281 1537 AND
2 1 1282 1282 1538 AND
2 1 1283 1283 1539 AND
2 1 1284 1284 1540 AND
2 1 1285 1285 1541 AND
2 1 1286 1286 1542 AND
2 1 1287 1287 1543 AND
2 1 1288 1288 1544 AND
2 1 1289 1289 1545 AND
2 1 1290 1290 1546 AND
2 1 1291 1291 1547 AND
2 1 1292 1292 1548 AND
2 1 1293 1293 1549 AND
2 1 1294 1294 1550 AND
2 1 1295 1295 1551 AND
2 1 1296 1296 1552 AND
2 1 1297 1297 1553 AND
2 1 1298 1298 1554 AND
2 1 1299 1299 1555 AND
2 1 1300 1300 1556 AND
2 1 1301 1301 1557 AND
2 1 1302 1302 1558 AND
2 1 1303 1303 1559 AND
2 1 1304 1304 1560 AND
2 1 1305 1305 1561 AND
2 1 1306 1306 1562 AND
2 1 1307 1307 1563 AND
2 1 1308 1308 1564 AND
2 1 1309 1309 1565 AND
2 1 1310 1310 1566 AND
2 1 1311 1311 1567 AND
2 1 1312 1312 1568 AND
2 1 1313 1313 1569 AND
2 1 1314 1314 1570 AND
2 1 1315 1315 1571 AND
2 1 1316 1316 1572 AND
2 1 1317 1317 1573 AND
2 1 1318 1318 1574 AND
2 1 1319 1319 1575 AND
2 1 1320 1320 1576 AND
2 1 1321 1321 1577 AND
2 1 1322 1322 1578 AND
2 1 1323 1323 1579 AND
2 1 1324 1324 1580 AND
2 1 1325 1325 1581 AND
2 1 1326 1326 1582 AND
2 1 1327 1327 1583 AND
2 1 1328 1328 1584 AND
2 1 1329 1329 1585 AND
2 1 1330 1330 1586 AND
2 1 1331 1331 1587 AND
2 1 1332 1332 1588 AND
2 1 1333 1333 1589 AND
2 1 1334 1334 1590 AND
2 1 1335 1335 1591 AND
2 1 1336 1336 1592 AND
2 1 1337 1337 1593 AND
2 1 1338 1338 1594 AND
2 1 1339 1339 1595 AND
2 1 1340 1340 1596 AND
2 1 1341 1341 1597 AND
2 1 1342 1342 1598 AND
2 1 1343 1343 1599 AND
2 1 1344 1344 1600 AND
2 1 1345 1345 1601 AND
2 1 1346 1346 1602 AND
2 1 1347 1347 1603 AND
2 1 1348 1348 1604 AND
2 1 1349 1349 1605 AND
2 1 1350 1350 1606 AND
2 1 1351 1351 1607 AND
2 1 1352 1352 1608 AND
2 1 1353 1353 1609 AND
2 1 1354 1354 1610 AND
2 1 1355 1355 1611 AND
2 1 1356 1356 1612 AND
2 1 1357 1357 1613 AND
2 1 1358 1358 1614 AND
2 1 1359 1359 1615 AND
2 1 1360 1360 1616 AND
2 1 1361 1361 1617 AND
2 1 1362 1362 1618 AND
2 1 1363 1363 1619 AND
2 1 1364 1364 1620 AND
2 1 1365 1365 1621 AND
2 1 1366 1366 1622 AND
2 1 1367 1367 1623 AND
2 1 1368 1368 1624 AND
2 1 1369 1369 1625 AND
2 1 1370 1370 1626 AND
2 1 1371 1371 1627 AND
2 1 1372 1372 1628 AND
2 1 1373 1373 1629 AND
2 1 1374 1374 1630 AND
2 1 1375 1375 1631 AND
2 1 1376 1376 1632 AND
2 1 1377 1377 1633 AND
2 1 1378 1378 1634 AND
2 1 1379 1379 1635 AND
2 1 1380 1380 1636 AND
2 1 1381 1381 1637 AND
2 1 1382 1382 1638 AND
2 1 1383 1383 1639 AND
2 1 1384 1384 1640 AND
2 1 1385 1385 1641 AND
2 1 1386 1386 1642 AND
2 1 1387 1387 1643 AND
2 1 1388 1388 1644 AND
2 1 1389 1389 1645 AND
2 1 1390 1390 1646 AND
2 1 1391 1391 1647 AND
2 1 1392 1392 1648 AND
2 1 1393 1393 1649 AND
2 1 1394 1394 1650 AND
2 1 1395 1395 1651 AND
2 1 1396 1396 1652 AND
2 1 1397 1397 1653 AND
2 1 1398 1398 1654 AND
2 1 1399 1399 1655 AND
2 1 1400 1400 1656 AND
2 1 1401 1401 1657 AND
2 1 1402 1402 1658 AND
2 1 1403 1403 1659 AND
2 1 1404 1404 1660 AND
2 1 1405 1405 1661 AND
2 1 1406 1406 1662 AND
2 1 1407 1407 1663 AND
2 1 1408 1408 1664 AND
2 1 1409 1409 1665 AND
2 1 1410 1410 1666 AND
2 1 1411 1411 1667 AND
2 1 1412 1412 1668 AND
2 1 1413 1413 1669 AND
2 1 1414 1414 1670 AND
2 1 1415 1415 1671 AND
2 1 1416 1416 1672 AND
2 1 1417 1417 1673 AND
2 1 1418 1418 1674 AND
2 1 1419 1419 1675 AND
2 1 1420 1420 1676 AND
2 1 1421 1421 1677 AND
2 1 1422 1422 1678 AND
2 1 1423 1423 1679 AND
2 1 1424 1424 1680 AND
2 1 1425 1425 1681 AND
2 1 1426 1426 1682 AND
2 1 1427 1427 1683 AND
2 1 1428 1428 1684 AND
2 1 1429 1429 1685 AND
2 1 1430 1430 1686 AND
2 1 1431 1431 1687 AND
2 1 1432 1432 1688 AND
2 1 1433 1433 1689 AND
2 1 1434 1434 1690 AND
2 1 1435 1435 1691 AND
2 1 1436 1436 1692 AND
2 1 1437 1437 1693 AND
2 1 1438 1438 1694 AND
2 1 1439 1439 1695 AND
2 1 1440 1440 1696 AND
2 1 1441 1441 1697 AND
2 1 1442 1442 1698 AND
2 1 1443 1443 1699 AND
2 1 1444 1444 1700 AND
2 1 1445 1445 1701 AND
2 1 1446 1446 1702 AND
2 1 1447 1447 1703 AND
2 1 1448 1448 1704 AND
2 1 1449 1449 1705 AND
2 1 1450 1450 1706 AND
2 1 1451 1451 1707 AND
2 1 1452 1452 1708 AND
2 1 1453 1453 1709 AND
2 1 1454 1454 1710 AND
2 1 1455 1455 1711 AND
2 1 1456 1456 1712 AND
2 1 1457 1457 1713 AND
2 1 1458 1458 1714 AND
2 1 1459 1459 1715 AND
2 1 1460 1460 1716 AND
2 1 1461 1461 1717 AND
2 1 1462 1462 1718 AND
2 1 1463 1463 1719 AND
2 1 1464 1464 1720 AND
2 1 1465 1465 1721 AND
2 1 1466 1466 1722 AND
2 1 1467 1467 1723 AND
2 1 1468 1468 1724 AND
2 1 1469 1469 1725 AND
2 1 1470 1470 1726 AND
2 1 1471 1471 1727 AND
2 1 1472 1472 1728 AND
2 1 1473 1473 1729 AND
2 1 1474 1474 1730 AND
2 1 1475 1475 1731 AND
2 1 1476 1476 1732 AND
2 1 1477 1477 1733 AND
2 1 1478 1478 1734 AND
2 1 1479 1479 1735 AND
2 1 1480 1480 1736 AND
2 1 1481 1481 1737 AND
2 1 1482 1482 1738 AND
2 1 1483 1483 1739 AND
2 1 1484 1484 1740 AND
2 1 1485 1485 1741 AND
2 1 1486 1486 1742 AND
2 1 1487 1487 1743 AND
2 1 1488 1488 1744 AND
2 1 1489 1489 1745 AND
2 1 1490 1490 1746 AND
2 1 1491 1491 1747 AND
2 1 1492 1492 1748 AND
2 1 1493 1493 1749 AND
2 1 1494 1494 1750 AND
2 1 1495 1495 1751 AND
2 1 1496 1496 1752 AND
2 1 1497 1497 1753 AND
2 1 1498 1498 1754 AND
2 1 1499 1499 1755 AND
2 1 1500 1500 1756 AND
2 1 1501 1501 1757 AND
2 1 1502 1502 1758 AND
2 1 1503 1503 1759 AND
2 1 1504 1504 1760 AND
2 1 1505 1505 1761 AND
2 1 1506 1506 1762 AND
2 1 1507 1507 1763 AND
2 1 1508 1508 1764 AND
2 1 1509 1509 1765 AND
2 1 1510 1510 1766 AND
2 1 1511 1511 1767 AND
2 1 1512 1512 1768 AND
2 1 1513 1513 1769 AND
2 1 1514 1514 1770 AND
2 1 1515 1515 1771 AND
2 1 1516 1516 1772 AND
2 1 1517 1517 1773 AND
2 1 1518 1518 1774 AND
2 1 1519 1519 1775 AND
2 1 1520 1520 1776 AND
2 1 1521 1521 1777 AND
2 1 1522 1522 1778 AND
2 1 1523 1523 1779 AND
2 1 1524 1524 1780 AND
2 1 1525 1525 1781 AND
2 1 1526 1526 1782 AND
2 1 1527 1527 1783 AND
2 1 1528 1528 1784 AND
2 1 1529 1529 1785 AND
2 1 1530 1530 1786 AND
2 1 1531 1531 1787 AND
2 1 1532 1532 1788 AND
2 1 1533 1533 1789 AND
2 1 1534 1534 1790 AND
2 1 1535 1535 1791 AND
2 1 1536 1536 1792 AND
2 1 1537 1537 1793 AND
2 1 1538 1538 1794 AND
2 1 1539 1539 1795 AND
2 1 1540 260 1796 XOR
2 1 1541 261 1797 XOR
2 1 1542 262 1798 XOR
2 1 1543 263 1799 XOR
2 1 1544 264 1800 XOR
2 1 1545 265 1801 XOR
2 1 1546 266 1802 XOR
2 1 1547 267 1803 XOR
2 1 1548 268 1804 XOR
2 1 1549 269 1805 XOR
2 1 1550 270 1806 XOR
2 1 1551 271 1807 XOR
2 1 1552 272 1808 XOR
2 1 1553 273 1809 XOR
2 1 1554 274 1810 XOR
2 1 1555 275 1811 XOR
2 1 1556 276 1812 XOR
2 1 1557 277 1813 XOR
2 1 1558 278 1814 XOR
2 1 1559 279 1815 XOR
2 1 1560 280 1816 XOR
2 1 1561 281 1817 XOR
2 1 1562 282 1818 XOR
2 1 1563 283 1819 XOR
2 1 1564 284 1820 XOR
2 1 1565 285 1821 XOR
2 1 1566 286 1822 XOR
2 1 1567 287 1823 XOR
2 1 1568 288 1824 XOR
2 1 1569 289 1825 XOR
2 1 1570 290 1826 XOR
2 1 1571 291 1827 XOR
2 1 1572 292 1828 XOR
2 1 1573 293 1829 XOR
2 1 1574 294 1830 XOR
2 1 1575 295 1831 XOR
2 1 1576 296 1832 XOR
2 1 1577 297 1833 XOR
2 1 1578 298 1834 XOR
2 1 1579 299 1835 XOR
2 1 1580 300 1836 XOR
2 1 1581 301 1837 XOR
2 1 1582 302 1838 XOR
2 1 1583 303 1839 XOR
2 1 1584 304 1840 XOR
2 1 1585 305 1841 XOR
2 1 1586 306 1842 XOR
2 1 1587 307 1843 XOR
2 1 1588 308 1844 XOR
2 1 1589 309 1845 XOR
2 1 1590 310 1846 XOR
2 1 1591 311 1847 XOR
2 1 1592 312 1848 XOR
2 1 1593 313 1849 XOR
2 1 1594 314 1850 XOR
2 1 1595 315 1851 XOR
2 1 1596 316 1852 XOR
2 1 1597 317 1853 XOR
2 1 1598 318 1854 XOR
2 1 1599 319 1855 XOR
2 1 1600 320 1856 XOR
2 1 1601 321 1857 XOR
2 1 1602 322 1858 XOR
2 1 1603 323 1859 XOR
2 1 1604 324 1860 XOR
2 1 1605 325 1861 XOR
2 1 1606 326 1862 XOR
2 1 1607 327 1863 XOR
2 1 1608 328 1864 XOR
2 1 1609 329 1865 XOR
2 1 1610 330 1866 XOR
2 1 1611 331 1867 XOR
2 1 1612 332 1868 XOR
2 1 1613 333 1869 XOR
2 1 1614 334 1870 XOR
2 1 1615 335 1871 XOR
2 1 1616 336 1872 XOR
2 1 1617 337 1873 XOR
2 1 1618 338 1874 XOR
2 1 1619 339 1875 XOR
2 1 1620 340 1876 XOR
2 1 1621 341 1877 XOR
2 1 1622 342 1878 XOR
2 1 1623 343 1879 XOR
2 1 1624 344 1880 XOR
2 1 1625 345 1881 XOR
2 1 1626 346 1882 XOR
2 1 1627 347 1883 XOR
2 1 1628 348 1884 XOR
2 1 1629 349 1885 XOR
2 1 1630 350 1886 XOR
2 1 1631 351 1887 XOR
2 1 1632 352 1888 XOR
2 1 1633 353 1889 XOR
2 1 1634 354 1890 XOR
2 1 1635 355 1891 XOR
2 1 1636 356 1892 XOR
2 1 1637 357 1893 XOR
2 1 1638 358 1894 XOR
2 1 1639 359 1895 XOR
2 1 1640 360 1896 XOR
2 1 1641 361 1897 XOR
2 1 1642 362 1898 XOR
2 1 1643 363 1899 XOR
2 1 1644 364 1900 XOR
2 1 1645 365 1901 XOR
2 1 1646 366 1902 XOR
2 1 1647 367 1903 XOR
2 1 1648 368 1904 XOR
2 1 1649 369 1905 XOR
2 1 1650 370 1906 XOR
2 1 1651 371 1907 XOR
2 1 1652 372 1908 XOR
2 1 1653 373 1909 XOR
2 1 1654 374 1910 XOR
2 1 1655 375 1911 XOR
2 1 1656 376 1912 XOR
2 1 1657 377 1913 XOR
2 1 1658 378 1914 XOR
2 1 1659 379 1915 XOR
2 1 1660 380 1916 XOR
2 1 1661 381 1917 XOR
2 1 1662 382 1918 XOR
2 1 1663 383 1919 XOR
2 1 1664 384 1920 XOR
2 1 1665 385 1921 XOR
2 1 1666 386 1922 XOR
2 1 1667 387 1923 XOR
2 1 1668 388 1924 XOR
2 1 1669 389 1925 XOR
2 1 1670 390 1926 XOR
2 1 1671 391 1927 XOR
2 1 1672 392 1928 XOR
2 1 1673 393 1929 XOR
2 1 1674 394 1930 XOR
2 1 1675 395 1931 XOR
2 1 1676 396 1932 XOR
2 1 1677 397 1933 XOR
2 1 1678 398 1934 XOR
2 1 1679 399 1935 XOR
2 1 1680 400 1936 XOR
2 1 1681 401 1937 XOR
2 1 1682 402 1938 XOR
2 1 1683 403 1939 XOR
2 1 1684 404 1940 XOR
2 1 1685 405 1941 XOR
2 1 1686 406 1942 XOR
2 1 1687 407 1943 XOR
2 1 1688 408 1944 XOR
2 1 1689 409 1945 XOR
2 1 1690 410 1946 XOR
2 1 1691 411 1947 XOR
2 1 1692 412 1948 XOR
2 1 1693 413 1949 XOR
2 1 1694 414 1950 XOR
2 1 1695 415 1951 XOR
2 1 1696 416 1952 XOR
2 1 1697 417 1953 XOR
2 1 1698 418 1954 XOR
2 1 1699 419 1955 XOR
2 1 1700 420 1956 XOR
2 1 1701 421 1957 XOR
2 1 1702 422 1958 XOR
2 1 1703 423 1959 XOR
2 1 1704 424 1960 XOR
2 1 1705 425 1961 XOR
2 1 1706 426 1962 XOR
2 1 1707 427 1963 XOR
2 1 1708 428 1964 XOR
2 1 1709 429 1965 XOR
2 1 1710 430 1966 XOR
2 1 1711 431 1967 XOR
2 1 1712 432 1968 XOR
2 1 1713 433 1969 XOR
2 1 1714 434 1970 XOR
2 1 1715 435 1971 XOR
2 1 1716 436 1972 XOR
2 1 1717 437 1973 XOR
2 1 1718 438 1974 XOR
2 1 1719 439 1975 XOR
2 1 1720 440 1976 XOR
2 1 1721 441 1977 XOR
2 1 1722 442 1978 XOR
2 1 1723 443 1979 XOR
2 1 1724 444 1980 XOR
2 1 1725 445 1981 XOR
2 1 1726 446 1982 XOR
2 1 1727 447 1983 XOR
2 1 1728 448 1984 XOR
2 1 1729 449 1985 XOR
2 1 1730 450 1986 XOR
2 1 1731 451 1987 XOR
2 1 1732 452 1988 XOR
2 1 1733 453 1989 XOR
2 1 1734 454 1990 XOR
2 1 1735 455 1991 XOR
2 1 1736 456 1992 XOR
2 1 1737 457 1993 XOR
2 1 1738 458 1994 XOR
2 1 1739 459 1995 XOR
2 1 1740 460 1996 XOR
2 1 1741 461 1997 XOR
2 1 1742 462 1998 XOR
2 1 1743 463 1999 XOR
2 1 1744 464 2000 XOR
2 1 1745 465 2001 XOR
2 1 1746 466 2002 XOR
2 1 1747 467 2003 XOR
2 1 1748 468 2004 XOR
2 1 1749 469 2005 XOR
2 1 1750 470 2006 XOR
2 1 1751 471 2007 XOR
2 1 1752 472 2008 XOR
2 1 1753 473 2009 XOR
2 1 1754 474 2010 XOR
2 1 1755 475 2011 XOR
2 1 1756 476 2012 XOR
2 1 1757 477 2013 XOR
2 1 1758 478 2014 XOR
2 1 1759 479 2015 XOR
2 1 1760 480 2016 XOR
2 1 1761 481 2017 XOR
2 1 1762 482 2018 XOR
2 1 1763 483 2019 XOR
2 1 1764 484 2020 XOR
2 1 1765 485 2021 XOR
2 1 1766 486 2022 XOR
2 1 1767 487 2023 XOR
2 1 1768 488 2024 XOR
2 1 1769 489 2025 XOR
2 1 1770 490 2026 XOR
2 1 1771 491 2027 XOR
2 1 1772 492 2028 XOR
2 1 1773 493 2029 XOR
2 1 1774 494 2030 XOR
2 1 1775 495 2031 XOR
2 1 1776 496 2032 XOR
2 1 1777 497 2033 XOR
2 1 1778 498 2034 XOR
2 1 1779 499 2035 XOR
2 1 1780 500 2036 XOR
2 1 1781 501 2037 XOR
2 1 1782 502 2038 XOR
2 1 1783 503 2039 XOR
2 1 1784 504 2040 XOR
2 1 1785 505 2041 XOR
2 1 1786 506 2042 XOR
2 1 1787 507 2043 XOR
2 1 1788 508 2044 XOR
2 1 1789 509 2045 XOR
2 1 1790 510 2046 XOR
2 1 1791 511 2047 XOR
2 1 1792 512 2048 XOR
2 1 1793 513 2049 XOR
2 1 1794 514 2050 XOR
2 1 1795 515 2051 XOR
2 1 259 259 2052 NAND
2 1 2052 516 2053 AND
2 1 259 1796 2054 AND
2 1 2053 2054 2055 OR
2 1 259 259 2056 NAND
2 1 2056 517 2057 AND
2 1 259 1797 2058 AND
2 1 2057 2058 2059 OR
2 1 259 259 2060 NAND
2 1 2060 518 2061 AND
2 1 259 1798 2062 AND
2 1 2061 2062 2063 OR
2 1 259 259 2064 NAND
2 1 2064 519 2065 AND
2 1 259 1799 2066 AND
2 1 2065 2066 2067 OR
2 1 259 259 2068 NAND
2 1 2068 520 2069 AND
2 1 259 1800 2070 AND
2 1 2069 2070 2071 OR
2 1 259 259 2072 NAND
2 1 2072 521 2073 AND
2 1 259 1801 2074 AND
2 1 2073 2074 2075 OR
2 1 259 259 2076 NAND
2 1 2076 522 2077 AND
2 1 259 1802 2078 AND
2 1 2077 2078 2079 OR
2 1 259 259 2080 NAND
2 1 2080 523 2081 AND
2 1 259 1803 2082 AND
2 1 2081 2082 2083 OR
2 1 259 259 2084 NAND
2 1 2084 524 2085 AND
2 1 259 1804 2086 AND
2 1 2085 2086 2087 OR
2 1 259 259 2088 NAND
2 1 2088 525 2089 AND
2 1 259 1805 2090 AND
2 1 2089 2090 2091 OR
2 1 259 259 2092 NAND
2 1 2092 526 2093 AND
2 1 259 1806 2094 AND
2 1 2093 2094 2095 OR
2 1 259 259 2096 NAND
2 1 2096 527 2097 AND
2 1 259 1807 2098 AND
2 1 2097 2098 2099 OR
2 1 259 259 2100 NAND
2 1 2100 528 2101 AND
2 1 259 1808 2102 AND
2 1 2101 2102 2103 OR
2 1 259 259 2104 NAND
2 1 2104 529 2105 AND
2 1 259 1809 2106 AND
2 1 2105 2106 2107 OR
2 1 259 259 2108 NAND
2 1 2108 530 2109 AND
2 1 259 1810 2110 AND
2 1 2109 2110 2111 OR
2 1 259 259 2112 NAND
2 1 2112 531 2113 AND
2 1 259 1811 2114 AND
2 1 2113 2114 2115 OR
2 1 259 259 2116 NAND
2 1 2116 532 2117 AND
2 1 259 1812 2118 AND
2 1 2117 2118 2119 OR
2 1 259 259 2120 NAND
2 1 2120 533 2121 AND
2 1 259 1813 2122 AND
2 1 2121 2122 2123 OR
2 1 259 259 2124 NAND
2 1 2124 534 2125 AND
2 1 259 1814 2126 AND
2 1 2125 2126 2127 OR
2 1 259 259 2128 NAND
2 1 2128 535 2129 AND
2 1 259 1815 2130 AND
2 1 2129 2130 2131 OR
2 1 259 259 2132 NAND
2 1 2132 536 2133 AND
2 1 259 1816 2134 AND
2 1 2133 2134 2135 OR
2 1 259 259 2136 NAND
2 1 2136 537 2137 AND
2 1 259 1817 2138 AND
2 1 2137 2138 2139 OR
2 1 259 259 2140 NAND
2 1 2140 538 2141 AND
2 1 259 1818 2142 AND
2 1 2141 2142 2143 OR
2 1 259 259 2144 NAND
2 1 2144 539 2145 AND
2 1 259 1819 2146 AND
2 1 2145 2146 2147 OR
2 1 259 259 2148 NAND
2 1 2148 540 2149 AND
2 1 259 1820 2150 AND
2 1 2149 2150 2151 OR
2 1 259 259 2152 NAND
2 1 2152 541 2153 AND
2 1 259 1821 2154 AND
2 1 2153 2154 2155 OR
2 1 259 259 2156 NAND
2 1 2156 542 2157 AND
2 1 259 1822 2158 AND
2 1 2157 2158 2159 OR
2 1 259 259 2160 NAND
2 1 2160 543 2161 AND
2 1 259 1823 2162 AND
2 1 2161 2162 2163 OR
2 1 259 259 2164 NAND
2 1 2164 544 2165 AND
2 1 259 1824 2166 AND
2 1 2165 2166 2167 OR
2 1 259 259 2168 NAND
2 1 2168 545 2169 AND
2 1 259 1825 2170 AND
2 1 2169 2170 2171 OR
2 1 259 259 2172 NAND
2 1 2172 546 2173 AND
2 1 259 1826 2174 AND
2 1 2173 2174 2175 OR
2 1 259 259 2176 NAND
2 1 2176 547 2177 AND
2 1 259 1827 2178 AND
2 1 2177 2178 2179 OR
2 1 259 259 2180 NAND
2 1 2180 548 2181 AND
2 1 259 1828 2182 AND
2 1 2181 2182 2183 OR
2 1 259 259 2184 NAND
2 1 2184 549 2185 AND
2 1 259 1829 2186 AND
2 1 2185 2186 2187 OR
2 1 259 259 2188 NAND
2 1 2188 550 2189 AND
2 1 259 1830 2190 AND
2 1 2189 2190 2191 OR
2 1 259 259 2192 NAND
2 1 2192 551 2193 AND
2 1 259 1831 2194 AND
2 1 2193 2194 2195 OR
2 1 259 259 2196 NAND
2 1 2196 552 2197 AND
2 1 259 1832 2198 AND
2 1 2197 2198 2199 OR
2 1 259 259 2200 NAND
2 1 2200 553 2201 AND
2 1 259 1833 2202 AND
2 1 2201 2202 2203 OR
2 1 259 259 2204 NAND
2 1 2204 554 2205 AND
2 1 259 1834 2206 AND
2 1 2205 2206 2207 OR
2 1 259 259 2208 NAND
2 1 2208 555 2209 AND
2 1 259 1835 2210 AND
2 1 2209 2210 2211 OR
2 1 259 259 2212 NAND
2 1 2212 556 2213 AND
2 1 259 1836 2214 AND
2 1 2213 2214 2215 OR
2 1 259 259 2216 NAND
2 1 2216 557 2217 AND
2 1 259 1837 2218 AND
2 1 2217 2218 2219 OR
2 1 259 259 2220 NAND
2 1 2220 558 2221 AND
2 1 259 1838 2222 AND
2 1 2221 2222 2223 OR
2 1 259 259 2224 NAND
2 1 2224 559 2225 AND
2 1 259 1839 2226 AND
2 1 2225 2226 2227 OR
2 1 259 259 2228 NAND
2 1 2228 560 2229 AND
2 1 259 1840 2230 AND
2 1 2229 2230 2231 OR
2 1 259 259 2232 NAND
2 1 2232 561 2233 AND
2 1 259 1841 2234 AND
2 1 2233 2234 2235 OR
2 1 259 259 2236 NAND
2 1 2236 562 2237 AND
2 1 259 1842 2238 AND
2 1 2237 2238 2239 OR
2 1 259 259 2240 NAND
2 1 2240 563 2241 AND
2 1 259 1843 2242 AND
2 1 2241 2242 2243 OR
2 1 259 259 2244 NAND
2 1 2244 564 2245 AND
2 1 259 1844 2246 AND
2 1 2245 2246 2247 OR
2 1 259 259 2248 NAND
2 1 2248 565 2249 AND
2 1 259 1845 2250 AND
2 1 2249 2250 2251 OR
2 1 259 259 2252 NAND
2 1 2252 566 2253 AND
2 1 259 1846 2254 AND
2 1 2253 2254 2255 OR
2 1 259 259 2256 NAND
2 1 2256 567 2257 AND
2 1 259 1847 2258 AND
2 1 2257 2258 2259 OR
2 1 259 259 2260 NAND
2 1 2260 568 2261 AND
2 1 259 1848 2262 AND
2 1 2261 2262 2263 OR
2 1 259 259 2264 NAND
2 1 2264 569 2265 AND
2 1 259 1849 2266 AND
2 1 2265 2266 2267 OR
2 1 259 259 2268 NAND
2 1 2268 570 2269 AND
2 1 259 1850 2270 AND
2 1 2269 2270 2271 OR
2 1 259 259 2272 NAND
2 1 2272 571 2273 AND
2 1 259 1851 2274 AND
2 1 2273 2274 2275 OR
2 1 259 259 2276 NAND
2 1 2276 572 2277 AND
2 1 259 1852 2278 AND
2 1 2277 2278 2279 OR
2 1 259 259 2280 NAND
2 1 2280 573 2281 AND
2 1 259 1853 2282 AND
2 1 2281 2282 2283 OR
2 1 259 259 2284 NAND
2 1 2284 574 2285 AND
2 1 259 1854 2286 AND
2 1 2285 2286 2287 OR
2 1 259 259 2288 NAND
2 1 2288 575 2289 AND
2 1 259 1855 2290 AND
2 1 2289 2290 2291 OR
2 1 259 259 2292 NAND
2 1 2292 576 2293 AND
2 1 259 1856 2294 AND
2 1 2293 2294 2295 OR
2 1 259 259 2296 NAND
2 1 2296 577 2297 AND
2 1 259 1857 2298 AND
2 1 2297 2298 2299 OR
2 1 259 259 2300 NAND
2 1 2300 578 2301 AND
2 1 259 1858 2302 AND
2 1 2301 2302 2303 OR
2 1 259 259 2304 NAND
2 1 2304 579 2305 AND
2 1 259 1859 2306 AND
2 1 2305 2306 2307 OR
2 1 259 259 2308 NAND
2 1 2308 580 2309 AND
2 1 259 1860 2310 AND
2 1 2309 2310 2311 OR
2 1 259 259 2312 NAND
2 1 2312 581 2313 AND
2 1 259 1861 2314 AND
2 1 2313 2314 2315 OR
2 1 259 259 2316 NAND
2 1 2316 582 2317 AND
2 1 259 1862 2318 AND
2 1 2317 2318 2319 OR
2 1 259 259 2320 NAND
2 1 2320 583 2321 AND
2 1 259 1863 2322 AND
2 1 2321 2322 2323 OR
2 1 259 259 2324 NAND
2 1 2324 584 2325 AND
2 1 259 1864 2326 AND
2 1 2325 2326 2327 OR
2 1 259 259 2328 NAND
2 1 2328 585 2329 AND
2 1 259 1865 2330 AND
2 1 2329 2330 2331 OR
2 1 259 259 2332 NAND
2 1 2332 586 2333 AND
2 1 259 1866 2334 AND
2 1 2333 2334 2335 OR
2 1 259 259 2336 NAND
2 1 2336 587 2337 AND
2 1 259 1867 2338 AND
2 1 2337 2338 2339 OR
2 1 259 259 2340 NAND
2 1 2340 588 2341 AND
2 1 259 1868 2342 AND
2 1 2341 2342 2343 OR
2 1 259 259 2344 NAND
2 1 2344 589 2345 AND
2 1 259 1869 2346 AND
2 1 2345 2346 2347 OR
2 1 259 259 2348 NAND
2 1 2348 590 2349 AND
2 1 259 1870 2350 AND
2 1 2349 2350 2351 OR
2 1 259 259 2352 NAND
2 1 2352 591 2353 AND
2 1 259 1871 2354 AND
2 1 2353 2354 2355 OR
2 1 259 259 2356 NAND
2 1 2356 592 2357 AND
2 1 259 1872 2358 AND
2 1 2357 2358 2359 OR
2 1 259 259 2360 NAND
2 1 2360 593 2361 AND
2 1 259 1873 2362 AND
2 1 2361 2362 2363 OR
2 1 259 259 2364 NAND
2 1 2364 594 2365 AND
2 1 259 1874 2366 AND
2 1 2365 2366 2367 OR
2 1 259 259 2368 NAND
2 1 2368 595 2369 AND
2 1 259 1875 2370 AND
2 1 2369 2370 2371 OR
2 1 259 259 2372 NAND
2 1 2372 596 2373 AND
2 1 259 1876 2374 AND
2 1 2373 2374 2375 OR
2 1 259 259 2376 NAND
2 1 2376 597 2377 AND
2 1 259 1877 2378 AND
2 1 2377 2378 2379 OR
2 1 259 259 2380 NAND
2 1 2380 598 2381 AND
2 1 259 1878 2382 AND
2 1 2381 2382 2383 OR
2 1 259 259 2384 NAND
2 1 2384 599 2385 AND
2 1 259 1879 2386 AND
2 1 2385 2386 2387 OR
2 1 259 259 2388 NAND
2 1 2388 600 2389 AND
2 1 259 1880 2390 AND
2 1 2389 2390 2391 OR
2 1 259 259 2392 NAND
2 1 2392 601 2393 AND
2 1 259 1881 2394 AND
2 1 2393 2394 2395 OR
2 1 259 259 2396 NAND
2 1 2396 602 2397 AND
2 1 259 1882 2398 AND
2 1 2397 2398 2399 OR
2 1 259 259 2400 NAND
2 1 2400 603 2401 AND
2 1 259 1883 2402 AND
2 1 2401 2402 2403 OR
2 1 259 259 2404 NAND
2 1 2404 604 2405 AND
2 1 259 1884 2406 AND
2 1 2405 2406 2407 OR
2 1 259 259 2408 NAND
2 1 2408 605 2409 AND
2 1 259 1885 2410 AND
2 1 2409 2410 2411 OR
2 1 259 259 2412 NAND
2 1 2412 606 2413 AND
2 1 259 1886 2414 AND
2 1 2413 2414 2415 OR
2 1 259 259 2416 NAND
2 1 2416 607 2417 AND
2 1 259 1887 2418 AND
2 1 2417 2418 2419 OR
2 1 259 259 2420 NAND
2 1 2420 608 2421 AND
2 1 259 1888 2422 AND
2 1 2421 2422 2423 OR
2 1 259 259 2424 NAND
2 1 2424 609 2425 AND
2 1 259 1889 2426 AND
2 1 2425 2426 2427 OR
2 1 259 259 2428 NAND
2 1 2428 610 2429 AND
2 1 259 1890 2430 AND
2 1 2429 2430 2431 OR
2 1 259 259 2432 NAND
2 1 2432 611 2433 AND
2 1 259 1891 2434 AND
2 1 2433 2434 2435 OR
2 1 259 259 2436 NAND
2 1 2436 612 2437 AND
2 1 259 1892 2438 AND
2 1 2437 2438 2439 OR
2 1 259 259 2440 NAND
2 1 2440 613 2441 AND
2 1 259 1893 2442 AND
2 1 2441 2442 2443 OR
2 1 259 259 2444 NAND
2 1 2444 614 2445 AND
2 1 259 1894 2446 AND
2 1 2445 2446 2447 OR
2 1 259 259 2448 NAND
2 1 2448 615 2449 AND
2 1 259 1895 2450 AND
2 1 2449 2450 2451 OR
2 1 259 259 2452 NAND
2 1 2452 616 2453 AND
2 1 259 1896 2454 AND
2 1 2453 2454 2455 OR
2 1 259 259 2456 NAND
2 1 2456 617 2457 AND
2 1 259 1897 2458 AND
2 1 2457 2458 2459 OR
2 1 259 259 2460 NAND
2 1 2460 618 2461 AND
2 1 259 1898 2462 AND
2 1 2461 2462 2463 OR
2 1 259 259 2464 NAND
2 1 2464 619 2465 AND
2 1 259 1899 2466 AND
2 1 2465 2466 2467 OR
2 1 259 259 2468 NAND
2 1 2468 620 2469 AND
2 1 259 1900 2470 AND
2 1 2469 2470 2471 OR
2 1 259 259 2472 NAND
2 1 2472 621 2473 AND
2 1 259 1901 2474 AND
2 1 2473 2474 2475 OR
2 1 259 259 2476 NAND
2 1 2476 622 2477 AND
2 1 259 1902 2478 AND
2 1 2477 2478 2479 OR
2 1 259 259 2480 NAND
2 1 2480 623 2481 AND
2 1 259 1903 2482 AND
2 1 2481 2482 2483 OR
2 1 259 259 2484 NAND
2 1 2484 624 2485 AND
2 1 259 1904 2486 AND
2 1 2485 2486 2487 OR
2 1 259 259 2488 NAND
2 1 2488 625 2489 AND
2 1 259 1905 2490 AND
2 1 2489 2490 2491 OR
2 1 259 259 2492 NAND
2 1 2492 626 2493 AND
2 1 259 1906 2494 AND
2 1 2493 2494 2495 OR
2 1 259 259 2496 NAND
2 1 2496 627 2497 AND
2 1 259 1907 2498 AND
2 1 2497 2498 2499 OR
2 1 259 259 2500 NAND
2 1 2500 628 2501 AND
2 1 259 1908 2502 AND
2 1 2501 2502 2503 OR
2 1 259 259 2504 NAND
2 1 2504 629 2505 AND
2 1 259 1909 2506 AND
2 1 2505 2506 2507 OR
2 1 259 259 2508 NAND
2 1 2508 630 2509 AND
2 1 259 1910 2510 AND
2 1 2509 2510 2511 OR
2 1 259 259 2512 NAND
2 1 2512 631 2513 AND
2 1 259 1911 2514 AND
2 1 2513 2514 2515 OR
2 1 259 259 2516 NAND
2 1 2516 632 2517 AND
2 1 259 1912 2518 AND
2 1 2517 2518 2519 OR
2 1 259 259 2520 NAND
2 1 2520 633 2521 AND
2 1 259 1913 2522 AND
2 1 2521 2522 2523 OR
2 1 259 259 2524 NAND
2 1 2524 634 2525 AND
2 1 259 1914 2526 AND
2 1 2525 2526 2527 OR
2 1 259 259 2528 NAND
2 1 2528 635 2529 AND
2 1 259 1915 2530 AND
2 1 2529 2530 2531 OR
2 1 259 259 2532 NAND
2 1 2532 636 2533 AND
2 1 259 1916 2534 AND
2 1 2533 2534 2535 OR
2 1 259 259 2536 NAND
2 1 2536 637 2537 AND
2 1 259 1917 2538 AND
2 1 2537 2538 2539 OR
2 1 259 259 2540 NAND
2 1 2540 638 2541 AND
2 1 259 1918 2542 AND
2 1 2541 2542 2543 OR
2 1 259 259 2544 NAND
2 1 2544 639 2545 AND
2 1 259 1919 2546 AND
2 1 2545 2546 2547 OR
2 1 259 259 2548 NAND
2 1 2548 640 2549 AND
2 1 259 1920 2550 AND
2 1 2549 2550 2551 OR
2 1 259 259 2552 NAND
2 1 2552 641 2553 AND
2 1 259 1921 2554 AND
2 1 2553 2554 2555 OR
2 1 259 259 2556 NAND
2 1 2556 642 2557 AND
2 1 259 1922 2558 AND
2 1 2557 2558 2559 OR
2 1 259 259 2560 NAND
2 1 2560 643 2561 AND
2 1 259 1923 2562 AND
2 1 2561 2562 2563 OR
2 1 259 259 2564 NAND
2 1 2564 644 2565 AND
2 1 259 1924 2566 AND
2 1 2565 2566 2567 OR
2 1 259 259 2568 NAND
2 1 2568 645 2569 AND
2 1 259 1925 2570 AND
2 1 2569 2570 2571 OR
2 1 259 259 2572 NAND
2 1 2572 646 2573 AND
2 1 259 1926 2574 AND
2 1 2573 2574 2575 OR
2 1 259 259 2576 NAND
2 1 2576 647 2577 AND
2 1 259 1927 2578 AND
2 1 2577 2578 2579 OR
2 1 259 259 2580 NAND
2 1 2580 648 2581 AND
2 1 259 1928 2582 AND
2 1 2581 2582 2583 OR
2 1 259 259 2584 NAND
2 1 2584 649 2585 AND
2 1 259 1929 2586 AND
2 1 2585 2586 2587 OR
2 1 259 259 2588 NAND
2 1 2588 650 2589 AND
2 1 259 1930 2590 AND
2 1 2589 2590 2591 OR
2 1 259 259 2592 NAND
2 1 2592 651 2593 AND
2 1 259 1931 2594 AND
2 1 2593 2594 2595 OR
2 1 259 259 2596 NAND
2 1 2596 652 2597 AND
2 1 259 1932 2598 AND
2 1 2597 2598 2599 OR
2 1 259 259 2600 NAND
2 1 2600 653 2601 AND
2 1 259 1933 2602 AND
2 1 2601 2602 2603 OR
2 1 259 259 2604 NAND
2 1 2604 654 2605 AND
2 1 259 1934 2606 AND
2 1 2605 2606 2607 OR
2 1 259 259 2608 NAND
2 1 2608 655 2609 AND
2 1 259 1935 2610 AND
2 1 2609 2610 2611 OR
2 1 259 259 2612 NAND
2 1 2612 656 2613 AND
2 1 259 1936 2614 AND
2 1 2613 2614 2615 OR
2 1 259 259 2616 NAND
2 1 2616 657 2617 AND
2 1 259 1937 2618 AND
2 1 2617 2618 2619 OR
2 1 259 259 2620 NAND
2 1 2620 658 2621 AND
2 1 259 1938 2622 AND
2 1 2621 2622 2623 OR
2 1 259 259 2624 NAND
2 1 2624 659 2625 AND
2 1 259 1939 2626 AND
2 1 2625 2626 2627 OR
2 1 259 259 2628 NAND
2 1 2628 660 2629 AND
2 1 259 1940 2630 AND
2 1 2629 2630 2631 OR
2 1 259 259 2632 NAND
2 1 2632 661 2633 AND
2 1 259 1941 2634 AND
2 1 2633 2634 2635 OR
2 1 259 259 2636 NAND
2 1 2636 662 2637 AND
2 1 259 1942 2638 AND
2 1 2637 2638 2639 OR
2 1 259 259 2640 NAND
2 1 2640 663 2641 AND
2 1 259 1943 2642 AND
2 1 2641 2642 2643 OR
2 1 259 259 2644 NAND
2 1 2644 664 2645 AND
2 1 259 1944 2646 AND
2 1 2645 2646 2647 OR
2 1 259 259 2648 NAND
2 1 2648 665 2649 AND
2 1 259 1945 2650 AND
2 1 2649 2650 2651 OR
2 1 259 259 2652 NAND
2 1 2652 666 2653 AND
2 1 259 1946 2654 AND
2 1 2653 2654 2655 OR
2 1 259 259 2656 NAND
2 1 2656 667 2657 AND
2 1 259 1947 2658 AND
2 1 2657 2658 2659 OR
2 1 259 259 2660 NAND
2 1 2660 668 2661 AND
2 1 259 1948 2662 AND
2 1 2661 2662 2663 OR
2 1 259 259 2664 NAND
2 1 2664 669 2665 AND
2 1 259 1949 2666 AND
2 1 2665 2666 2667 OR
2 1 259 259 2668 NAND
2 1 2668 670 2669 AND
2 1 259 1950 2670 AND
2 1 2669 2670 2671 OR
2 1 259 259 2672 NAND
2 1 2672 671 2673 AND
2 1 259 1951 2674 AND
2 1 2673 2674 2675 OR
2 1 259 259 2676 NAND
2 1 2676 672 2677 AND
2 1 259 1952 2678 AND
2 1 2677 2678 2679 OR
2 1 259 259 2680 NAND
2 1 2680 673 2681 AND
2 1 259 1953 2682 AND
2 1 2681 2682 2683 OR
2 1 259 259 2684 NAND
2 1 2684 674 2685 AND
2 1 259 1954 2686 AND
2 1 2685 2686 2687 OR
2 1 259 259 2688 NAND
2 1 2688 675 2689 AND
2 1 259 1955 2690 AND
2 1 2689 2690 2691 OR
2 1 259 259 2692 NAND
2 1 2692 676 2693 AND
2 1 259 1956 2694 AND
2 1 2693 2694 2695 OR
2 1 259 259 2696 NAND
2 1 2696 677 2697 AND
2 1 259 1957 2698 AND
2 1 2697 2698 2699 OR
2 1 259 259 2700 NAND
2 1 2700 678 2701 AND
2 1 259 1958 2702 AND
2 1 2701 2702 2703 OR
2 1 259 259 2704 NAND
2 1 2704 679 2705 AND
2 1 259 1959 2706 AND
2 1 2705 2706 2707 OR
2 1 259 259 2708 NAND
2 1 2708 680 2709 AND
2 1 259 1960 2710 AND
2 1 2709 2710 2711 OR
2 1 259 259 2712 NAND
2 1 2712 681 2713 AND
2 1 259 1961 2714 AND
2 1 2713 2714 2715 OR
2 1 259 259 2716 NAND
2 1 2716 682 2717 AND
2 1 259 1962 2718 AND
2 1 2717 2718 2719 OR
2 1 259 259 2720 NAND
2 1 2720 683 2721 AND
2 1 259 1963 2722 AND
2 1 2721 2722 2723 OR
2 1 259 259 2724 NAND
2 1 2724 684 2725 AND
2 1 259 1964 2726 AND
2 1 2725 2726 2727 OR
2 1 259 259 2728 NAND
2 1 2728 685 2729 AND
2 1 259 1965 2730 AND
2 1 2729 2730 2731 OR
2 1 259 259 2732 NAND
2 1 2732 686 2733 AND
2 1 259 1966 2734 AND
2 1 2733 2734 2735 OR
2 1 259 259 2736 NAND
2 1 2736 687 2737 AND
2 1 259 1967 2738 AND
2 1 2737 2738 2739 OR
2 1 259 259 2740 NAND
2 1 2740 688 2741 AND
2 1 259 1968 2742 AND
2 1 2741 2742 2743 OR
2 1 259 259 2744 NAND
2 1 2744 689 2745 AND
2 1 259 1969 2746 AND
2 1 2745 2746 2747 OR
2 1 259 259 2748 NAND
2 1 2748 690 2749 AND
2 1 259 1970 2750 AND
2 1 2749 2750 2751 OR
2 1 259 259 2752 NAND
2 1 2752 691 2753 AND
2 1 259 1971 2754 AND
2 1 2753 2754 2755 OR
2 1 259 259 2756 NAND
2 1 2756 692 2757 AND
2 1 259 1972 2758 AND
2 1 2757 2758 2759 OR
2 1 259 259 2760 NAND
2 1 2760 693 2761 AND
2 1 259 1973 2762 AND
2 1 2761 2762 2763 OR
2 1 259 259 2764 NAND
2 1 2764 694 2765 AND
2 1 259 1974 2766 AND
2 1 2765 2766 2767 OR
2 1 259 259 2768 NAND
2 1 2768 695 2769 AND
2 1 259 1975 2770 AND
2 1 2769 2770 2771 OR
2 1 259 259 2772 NAND
2 1 2772 696 2773 AND
2 1 259 1976 2774 AND
2 1 2773 2774 2775 OR
2 1 259 259 2776 NAND
2 1 2776 697 2777 AND
2 1 259 1977 2778 AND
2 1 2777 2778 2779 OR
2 1 259 259 2780 NAND
2 1 2780 698 2781 AND
2 1 259 1978 2782 AND
2 1 2781 2782 2783 OR
2 1 259 259 2784 NAND
2 1 2784 699 2785 AND
2 1 259 1979 2786 AND
2 1 2785 2786 2787 OR
2 1 259 259 2788 NAND
2 1 2788 700 2789 AND
2 1 259 1980 2790 AND
2 1 2789 2790 2791 OR
2 1 259 259 2792 NAND
2 1 2792 701 2793 AND
2 1 259 1981 2794 AND
2 1 2793 2794 2795 OR
2 1 259 259 2796 NAND
2 1 2796 702 2797 AND
2 1 259 1982 2798 AND
2 1 2797 2798 2799 OR
2 1 259 259 2800 NAND
2 1 2800 703 2801 AND
2 1 259 1983 2802 AND
2 1 2801 2802 2803 OR
2 1 259 259 2804 NAND
2 1 2804 704 2805 AND
2 1 259 1984 2806 AND
2 1 2805 2806 2807 OR
2 1 259 259 2808 NAND
2 1 2808 705 2809 AND
2 1 259 1985 2810 AND
2 1 2809 2810 2811 OR
2 1 259 259 2812 NAND
2 1 2812 706 2813 AND
2 1 259 1986 2814 AND
2 1 2813 2814 2815 OR
2 1 259 259 2816 NAND
2 1 2816 707 2817 AND
2 1 259 1987 2818 AND
2 1 2817 2818 2819 OR
2 1 259 259 2820 NAND
2 1 2820 708 2821 AND
2 1 259 1988 2822 AND
2 1 2821 2822 2823 OR
2 1 259 259 2824 NAND
2 1 2824 709 2825 AND
2 1 259 1989 2826 AND
2 1 2825 2826 2827 OR
2 1 259 259 2828 NAND
2 1 2828 710 2829 AND
2 1 259 1990 2830 AND
2 1 2829 2830 2831 OR
2 1 259 259 2832 NAND
2 1 2832 711 2833 AND
2 1 259 1991 2834 AND
2 1 2833 2834 2835 OR
2 1 259 259 2836 NAND
2 1 2836 712 2837 AND
2 1 259 1992 2838 AND
2 1 2837 2838 2839 OR
2 1 259 259 2840 NAND
2 1 2840 713 2841 AND
2 1 259 1993 2842 AND
2 1 2841 2842 2843 OR
2 1 259 259 2844 NAND
2 1 2844 714 2845 AND
2 1 259 1994 2846 AND
2 1 2845 2846 2847 OR
2 1 259 259 2848 NAND
2 1 2848 715 2849 AND
2 1 259 1995 2850 AND
2 1 2849 2850 2851 OR
2 1 259 259 2852 NAND
2 1 2852 716 2853 AND
2 1 259 1996 2854 AND
2 1 2853 2854 2855 OR
2 1 259 259 2856 NAND
2 1 2856 717 2857 AND
2 1 259 1997 2858 AND
2 1 2857 2858 2859 OR
2 1 259 259 2860 NAND
2 1 2860 718 2861 AND
2 1 259 1998 2862 AND
2 1 2861 2862 2863 OR
2 1 259 259 2864 NAND
2 1 2864 719 2865 AND
2 1 259 1999 2866 AND
2 1 2865 2866 2867 OR
2 1 259 259 2868 NAND
2 1 2868 720 2869 AND
2 1 259 2000 2870 AND
2 1 2869 2870 2871 OR
2 1 259 259 2872 NAND
2 1 2872 721 2873 AND
2 1 259 2001 2874 AND
2 1 2873 2874 2875 OR
2 1 259 259 2876 NAND
2 1 2876 722 2877 AND
2 1 259 2002 2878 AND
2 1 2877 2878 2879 OR
2 1 259 259 2880 NAND
2 1 2880 723 2881 AND
2 1 259 2003 2882 AND
2 1 2881 2882 2883 OR
2 1 259 259 2884 NAND
2 1 2884 724 2885 AND
2 1 259 2004 2886 AND
2 1 2885 2886 2887 OR
2 1 259 259 2888 NAND
2 1 2888 725 2889 AND
2 1 259 2005 2890 AND
2 1 2889 2890 2891 OR
2 1 259 259 2892 NAND
2 1 2892 726 2893 AND
2 1 259 2006 2894 AND
2 1 2893 2894 2895 OR
2 1 259 259 2896 NAND
2 1 2896 727 2897 AND
2 1 259 2007 2898 AND
2 1 2897 2898 2899 OR
2 1 259 259 2900 NAND
2 1 2900 728 2901 AND
2 1 259 2008 2902 AND
2 1 2901 2902 2903 OR
2 1 259 259 2904 NAND
2 1 2904 729 2905 AND
2 1 259 2009 2906 AND
2 1 2905 2906 2907 OR
2 1 259 259 2908 NAND
2 1 2908 730 2909 AND
2 1 259 2010 2910 AND
2 1 2909 2910 2911 OR
2 1 259 259 2912 NAND
2 1 2912 731 2913 AND
2 1 259 2011 2914 AND
2 1 2913 2914 2915 OR
2 1 259 259 2916 NAND
2 1 2916 732 2917 AND
2 1 259 2012 2918 AND
2 1 2917 2918 2919 OR
2 1 259 259 2920 NAND
2 1 2920 733 2921 AND
2 1 259 2013 2922 AND
2 1 2921 2922 2923 OR
2 1 259 259 2924 NAND
2 1 2924 734 2925 AND
2 1 259 2014 2926 AND
2 1 2925 2926 2927 OR
2 1 259 259 2928 NAND
2 1 2928 735 2929 AND
2 1 259 2015 2930 AND
2 1 2929 2930 2931 OR
2 1 259 259 2932 NAND
2 1 2932 736 2933 AND
2 1 259 2016 2934 AND
2 1 2933 2934 2935 OR
2 1 259 259 2936 NAND
2 1 2936 737 2937 AND
2 1 259 2017 2938 AND
2 1 2937 2938 2939 OR
2 1 259 259 2940 NAND
2 1 2940 738 2941 AND
2 1 259 2018 2942 AND
2 1 2941 2942 2943 OR
2 1 259 259 2944 NAND
2 1 2944 739 2945 AND
2 1 259 2019 2946 AND
2 1 2945 2946 2947 OR
2 1 259 259 2948 NAND
2 1 2948 740 2949 AND
2 1 259 2020 2950 AND
2 1 2949 2950 2951 OR
2 1 259 259 2952 NAND
2 1 2952 741 2953 AND
2 1 259 2021 2954 AND
2 1 2953 2954 2955 OR
2 1 259 259 2956 NAND
2 1 2956 742 2957 AND
2 1 259 2022 2958 AND
2 1 2957 2958 2959 OR
2 1 259 259 2960 NAND
2 1 2960 743 2961 AND
2 1 259 2023 2962 AND
2 1 2961 2962 2963 OR
2 1 259 259 2964 NAND
2 1 2964 744 2965 AND
2 1 259 2024 2966 AND
2 1 2965 2966 2967 OR
2 1 259 259 2968 NAND
2 1 2968 745 2969 AND
2 1 259 2025 2970 AND
2 1 2969 2970 2971 OR
2 1 259 259 2972 NAND
2 1 2972 746 2973 AND
2 1 259 2026 2974 AND
2 1 2973 2974 2975 OR
2 1 259 259 2976 NAND
2 1 2976 747 2977 AND
2 1 259 2027 2978 AND
2 1 2977 2978 2979 OR
2 1 259 259 2980 NAND
2 1 2980 748 2981 AND
2 1 259 2028 2982 AND
2 1 2981 2982 2983 OR
2 1 259 259 2984 NAND
2 1 2984 749 2985 AND
2 1 259 2029 2986 AND
2 1 2985 2986 2987 OR
2 1 259 259 2988 NAND
2 1 2988 750 2989 AND
2 1 259 2030 2990 AND
2 1 2989 2990 2991 OR
2 1 259 259 2992 NAND
2 1 2992 751 2993 AND
2 1 259 2031 2994 AND
2 1 2993 2994 2995 OR
2 1 259 259 2996 NAND
2 1 2996 752 2997 AND
2 1 259 2032 2998 AND
2 1 2997 2998 2999 OR
2 1 259 259 3000 NAND
2 1 3000 753 3001 AND
2 1 259 2033 3002 AND
2 1 3001 3002 3003 OR
2 1 259 259 3004 NAND
2 1 3004 754 3005 AND
2 1 259 2034 3006 AND
2 1 3005 3006 3007 OR
2 1 259 259 3008 NAND
2 1 3008 755 3009 AND
2 1 259 2035 3010 AND
2 1 3009 3010 3011 OR
2 1 259 259 3012 NAND
2 1 3012 756 3013 AND
2 1 259 2036 3014 AND
2 1 3013 3014 3015 OR
2 1 259 259 3016 NAND
2 1 3016 757 3017 AND
2 1 259 2037 3018 AND
2 1 3017 3018 3019 OR
2 1 259 259 3020 NAND
2 1 3020 758 3021 AND
2 1 259 2038 3022 AND
2 1 3021 3022 3023 OR
2 1 259 259 3024 NAND
2 1 3024 759 3025 AND
2 1 259 2039 3026 AND
2 1 3025 3026 3027 OR
2 1 259 259 3028 NAND
2 1 3028 760 3029 AND
2 1 259 2040 3030 AND
2 1 3029 3030 3031 OR
2 1 259 259 3032 NAND
2 1 3032 761 3033 AND
2 1 259 2041 3034 AND
2 1 3033 3034 3035 OR
2 1 259 259 3036 NAND
2 1 3036 762 3037 AND
2 1 259 2042 3038 AND
2 1 3037 3038 3039 OR
2 1 259 259 3040 NAND
2 1 3040 763 3041 AND
2 1 259 2043 3042 AND
2 1 3041 3042 3043 OR
2 1 259 259 3044 NAND
2 1 3044 764 3045 AND
2 1 259 2044 3046 AND
2 1 3045 3046 3047 OR
2 1 259 259 3048 NAND
2 1 3048 765 3049 AND
2 1 259 2045 3050 AND
2 1 3049 3050 3051 OR
2 1 259 259 3052 NAND
2 1 3052 766 3053 AND
2 1 259 2046 3054 AND
2 1 3053 3054 3055 OR
2 1 259 259 3056 NAND
2 1 3056 767 3057 AND
2 1 259 2047 3058 AND
2 1 3057 3058 3059 OR
2 1 259 259 3060 NAND
2 1 3060 768 3061 AND
2 1 259 2048 3062 AND
2 1 3061 3062 3063 OR
2 1 259 259 3064 NAND
2 1 3064 769 3065 AND
2 1 259 2049 3066 AND
2 1 3065 3066 3067 OR
2 1 259 259 3068 NAND
2 1 3068 770 3069 AND
2 1 259 2050 3070 AND
2 1 3069 3070 3071 OR
2 1 259 259 3072 NAND
2 1 3072 771 3073 AND
2 1 259 2051 3074 AND
2 1 3073 3074 3075 OR
2 1 2055 2055 3076 AND
2 1 2059 2059 3077 AND
2 1 2063 2063 3078 AND
2 1 2067 2067 3079 AND
2 1 2071 2071 3080 AND
2 1 2075 2075 3081 AND
2 1 2079 2079 3082 AND
2 1 2083 2083 3083 AND
2 1 2087 2087 3084 AND
2 1 2091 2091 3085 AND
2 1 2095 2095 3086 AND
2 1 2099 2099 3087 AND
2 1 2103 2103 3088 AND
2 1 2107 2107 3089 AND
2 1 2111 2111 3090 AND
2 1 2115 2115 3091 AND
2 1 2119 2119 3092 AND
2 1 2123 2123 3093 AND
2 1 2127 2127 3094 AND
2 1 2131 2131 3095 AND
2 1 2135 2135 3096 AND
2 1 2139 2139 3097 AND
2 1 2143 2143 3098 AND
2 1 2147 2147 3099 AND
2 1 2151 2151 3100 AND
2 1 2155 2155 3101 AND
2 1 2159 2159 3102 AND
2 1 2163 2163 3103 AND
2 1 2167 2167 3104 AND
2 1 2171 2171 3105 AND
2 1 2175 2175 3106 AND
2 1 2179 2179 3107 AND
2 1 2183 2183 3108 AND
2 1 2187 2187 3109 AND
2 1 2191 2191 3110 AND
2 1 2195 2195 3111 AND
2 1 2199 2199 3112 AND
2 1 2203 2203 3113 AND
2 1 2207 2207 3114 AND
2 1 2211 2211 3115 AND
2 1 2215 2215 3116 AND
2 1 2219 2219 3117 AND
2 1 2223 2223 3118 AND
2 1 2227 2227 3119 AND
2 1 2231 2231 3120 AND
2 1 2235 2235 3121 AND
2 1 2239 2239 3122 AND
2 1 2243 2243 3123 AND
2 1 2247 2247 3124 AND
2 1 2251 2251 3125 AND
2 1 2255 2255 3126 AND
2 1 2259 2259 3127 AND
2 1 2263 2263 3128 AND
2 1 2267 2267 3129 AND
2 1 2271 2271 3130 AND
2 1 2275 2275 3131 AND
2 1 2279 2279 3132 AND
2 1 2283 2283 3133 AND
2 1 2287 2287 3134 AND
2 1 2291 2291 3135 AND
2 1 2295 2295 3136 AND
2 1 2299 2299 3137 AND
2 1 2303 2303 3138 AND
2 1 2307 2307 3139 AND
2 1 2311 2311 3140 AND
2 1 2315 2315 3141 AND
2 1 2319 2319 3142 AND
2 1 2323 2323 3143 AND
2 1 2327 2327 3144 AND
2 1 2331 2331 3145 AND
2 1 2335 2335 3146 AND
2 1 2339 2339 3147 AND
2 1 2343 2343 3148 AND
2 1 2347 2347 3149 AND
2 1 2351 2351 3150 AND
2 1 2355 2355 3151 AND
2 1 2359 2359 3152 AND
2 1 2363 2363 3153 AND
2 1 2367 2367 3154 AND
2 1 2371 2371 3155 AND
2 1 2375 2375 3156 AND
2 1 2379 2379 3157 AND
2 1 2383 2383 3158 AND
2 1 2387 2387 3159 AND
2 1 2391 2391 3160 AND
2 1 2395 2395 3161 AND
2 1 2399 2399 3162 AND
2 1 2403 2403 3163 AND
2 1 2407 2407 3164 AND
2 1 2411 2411 3165 AND
2 1 2415 2415 3166 AND
2 1 2419 2419 3167 AND
2 1 2423 2423 3168 AND
2 1 2427 2427 3169 AND
2 1 2431 2431 3170 AND
2 1 2435 2435 3171 AND
2 1 2439 2439 3172 AND
2 1 2443 2443 3173 AND
2 1 2447 2447 3174 AND
2 1 2451 2451 3175 AND
2 1 2455 2455 3176 AND
2 1 2459 2459 3177 AND
2 1 2463 2463 3178 AND
2 1 2467 2467 3179 AND
2 1 2471 2471 3180 AND
2 1 2475 2475 3181 AND
2 1 2479 2479 3182 AND
2 1 2483 2483 3183 AND
2 1 2487 2487 3184 AND
2 1 2491 2491 3185 AND
2 1 2495 2495 3186 AND
2 1 2499 2499 3187 AND
2 1 2503 2503 3188 AND
2 1 2507 2507 3189 AND
2 1 2511 2511 3190 AND
2 1 2515 2515 3191 AND
2 1 2519 2519 3192 AND
2 1 2523 2523 3193 AND
2 1 2527 2527 3194 AND
2 1 2531 2531 3195 AND
2 1 2535 2535 3196 AND
2 1 2539 2539 3197 AND
2 1 2543 2543 3198 AND
2 1 2547 2547 3199 AND
2 1 2551 2551 3200 AND
2 1 2555 2555 3201 AND
2 1 2559 2559 3202 AND
2 1 2563 2563 3203 AND
2 1 2567 2567 3204 AND
2 1 2571 2571 3205 AND
2 1 2575 2575 3206 AND
2 1 2579 2579 3207 AND
2 1 2583 2583 3208 AND
2 1 2587 2587 3209 AND
2 1 2591 2591 3210 AND
2 1 2595 2595 3211 AND
2 1 2599 2599 3212 AND
2 1 2603 2603 3213 AND
2 1 2607 2607 3214 AND
2 1 2611 2611 3215 AND
2 1 2615 2615 3216 AND
2 1 2619 2619 3217 AND
2 1 2623 2623 3218 AND
2 1 2627 2627 3219 AND
2 1 2631 2631 3220 AND
2 1 2635 2635 3221 AND
2 1 2639 2639 3222 AND
2 1 2643 2643 3223 AND
2 1 2647 2647 3224 AND
2 1 2651 2651 3225 AND
2 1 2655 2655 3226 AND
2 1 2659 2659 3227 AND
2 1 2663 2663 3228 AND
2 1 2667 2667 3229 AND
2 1 2671 2671 3230 AND
2 1 2675 2675 3231 AND
2 1 2679 2679 3232 AND
2 1 2683 2683 3233 AND
2 1 2687 2687 3234 AND
2 1 2691 2691 3235 AND
2 1 2695 2695 3236 AND
2 1 2699 2699 3237 AND
2 1 2703 2703 3238 AND
2 1 2707 2707 3239 AND
2 1 2711 2711 3240 AND
2 1 2715 2715 3241 AND
2 1 2719 2719 3242 AND
2 1 2723 2723 3243 AND
2 1 2727 2727 3244 AND
2 1 2731 2731 3245 AND
2 1 2735 2735 3246 AND
2 1 2739 2739 3247 AND
2 1 2743 2743 3248 AND
2 1 2747 2747 3249 AND
2 1 2751 2751 3250 AND
2 1 2755 2755 3251 AND
2 1 2759 2759 3252 AND
2 1 2763 2763 3253 AND
2 1 2767 2767 3254 AND
2 1 2771 2771 3255 AND
2 1 2775 2775 3256 AND
2 1 2779 2779 3257 AND
2 1 2783 2783 3258 AND
2 1 2787 2787 3259 AND
2 1 2791 2791 3260 AND
2 1 2795 2795 3261 AND
2 1 2799 2799 3262 AND
2 1 2803 2803 3263 AND
2 1 2807 2807 3264 AND
2 1 2811 2811 3265 AND
2 1 2815 2815 3266 AND
2 1 2819 2819 3267 AND
2 1 2823 2823 3268 AND
2 1 2827 2827 3269 AND
2 1 2831 2831 3270 AND
2 1 2835 2835 3271 AND
2 1 2839 2839 3272 AND
2 1 2843 2843 3273 AND
2 1 2847 2847 3274 AND
2 1 2851 2851 3275 AND
2 1 2855 2855 3276 AND
2 1 2859 2859 3277 AND
2 1 2863 2863 3278 AND
2 1 2867 2867 3279 AND
2 1 2871 2871 3280 AND
2 1 2875 2875 3281 AND
2 1 2879 2879 3282 AND
2 1 2883 2883 3283 AND
2 1 2887 2887 3284 AND
2 1 2891 2891 3285 AND
2 1 2895 2895 3286 AND
2 1 2899 2899 3287 AND
2 1 2903 2903 3288 AND
2 1 2907 2907 3289 AND
2 1 2911 2911 3290 AND
2 1 2915 2915 3291 AND
2 1 2919 2919 3292 AND
2 1 2923 2923 3293 AND
2 1 2927 2927 3294 AND
2 1 2931 2931 3295 AND
2 1 2935 2935 3296 AND
2 1 2939 2939 3297 AND
2 1 2943 2943 3298 AND
2 1 2947 2947 3299 AND
2 1 2951 2951 3300 AND
2 1 2955 2955 3301 AND
2 1 2959 2959 3302 AND
2 1 2963 2963 3303 AND
2 1 2967 2967 3304 AND
2 1 2971 2971 3305 AND
2 1 2975 2975 3306 AND
2 1 2979 2979 3307 AND
2 1 2983 2983 3308 AND
2 1 2987 2987 3309 AND
2 1 2991 2991 3310 AND
2 1 2995 2995 3311 AND
2 1 2999 2999 3312 AND
2 1 3003 3003 3313 AND
2 1 3007 3007 3314 AND
2 1 3011 3011 3315 AND
2 1 3015 3015 3316 AND
2 1 3019 3019 3317 AND
2 1 3023 3023 3318 AND
2 1 3027 3027 3319 AND
2 1 3031 3031 3320 AND
2 1 3035 3035 3321 AND
2 1 3039 3039 3322 AND
2 1 3043 3043 3323 AND
2 1 3047 3047 3324 AND
2 1 3051 3051 3325 AND
2 1 3055 3055 3326 AND
2 1 3059 3059 3327 AND
2 1 3063 3063 3328 AND
2 1 3067 3067 3329 AND
2 1 3071 3071 3330 AND
2 1 3075 3075 3331 AND
